5947.0
2213.0
1023.0
357.0
6561.0
2529.0
1178.0
542.0
6579.0
2588.0
1362.0
2665.0
58.0
1115.0
22.0
587.0
394.0
4241.0
1835.0
974.0
363.0
3994.0
89.0
1750.0
992.0
457.0
4692.0
157.0
1854.0
958.0
371.0
5457.0
40.0
2221.0
1123.0
574.0
5680.0
2279.0
1263.0
602.0
6872.0
2783.0
45.0
1405.0
778.0
1777.0
42.0
902.0
420.0
145.0
1427.0
75.0
507.0
3.0
312.0
4410.0
49.0
2580.0
1451.0
697.0
2155.0
50.0
995.0
21.0
412.0
81.0
60.0
44.0
1.0
26.0
13.0
224.0
9.0
162.0
36.0
578.0
24.0
397.0
226.0
87.0
485.0
328.0
2.0
184.0
2250.0
1524.0
848.0
607.0
884.0
43.0
770.0
522.0
337.0
1400.0
812.0
368.0
747.0
360.0
7.0
164.0
117.0
892.0
484.0
284.0
130.0
2805.0
104.0
1599.0
557.0
3180.0
1783.0
959.0
384.0
3201.0
1885.0
998.0
389.0
6029.0
2503.0
1234.0
404.0
2324.0
1151.0
669.0
349.0
4373.0
111.0
2085.0
989.0
467.0
5035.0
2270.0
56.0
1213.0
497.0
4714.0
2511.0
1485.0
803.0
3706.0
91.0
2161.0
1476.0
786.0
1587.0
1064.0
392.0
2775.0
90.0
1373.0
876.0
473.0
2494.0
48.0
990.0
25.0
400.0
47.0
5.0
62.0
17.0
140.0
4.0
46.0
398.0
14.0
218.0
122.0
65.0
979.0
536.0
263.0
143.0
2516.0
15.0
1502.0
899.0
573.0
385.0
266.0
51.0
187.0
243.0
475.0
6.0
326.0
252.0
322.0
901.0
422.0
178.0
107.0
2327.0
174.0
1499.0
906.0
472.0
4723.0
149.0
1570.0
843.0
5705.0
2344.0
1209.0
354.0
1344.0
660.0
427.0
345.0
3265.0
98.0
1634.0
10.0
890.0
373.0
3921.0
160.0
1746.0
1034.0
449.0
7033.0
3067.0
1622.0
831.0
3247.0
1457.0
764.0
391.0
3458.0
1718.0
795.0
5906.0
2900.0
1691.0
804.0
6704.0
70.0
3215.0
1755.0
951.0
6796.0
3425.0
1805.0
1021.0
8778.0
3750.0
2131.0
1072.0
5060.0
2597.0
1456.0
862.0
5955.0
3048.0
1681.0
885.0
2773.0
118.0
1469.1
754.0
379.0
3519.0
151.0
1742.0
900.0
531.0
6978.0
3316.0
1894.0
965.0
3395.0
66.0
1298.0
592.0
198.0
3936.0
1601.0
35.0
709.0
233.0
272.0
148.0
86.0
30.0
382.0
12.0
192.0
125.0
106.0
4042.0
99.0
2351.0
1744.0
658.0
1088.0
32.0
268.0
165.0
1455.0
703.0
27.0
418.0
258.0
416.0
8.0
240.0
173.0
1320.0
55.0
672.0
304.0
6193.0
3375.0
1818.0
1043.0
3386.0
1741.0
1142.0
797.0
4120.0
105.0
2121.0
1365.0
580.0
2326.0
155.0
1149.0
853.0
3668.0
39.0
1897.0
1306.0
767.0
4210.0
108.0
2216.0
1416.0
869.0
1369.0
63.0
817.0
713.0
678.0
1426.0
20.0
614.0
275.0
2172.0
67.0
896.0
470.0
351.0
4043.0
2111.0
1201.0
640.0
4516.0
146.0
2471.0
1258.0
692.0
5249.0
2616.0
1394.0
527.0
5921.0
2842.0
1418.0
494.0
6463.0
3098.0
1638.0
762.0
5123.0
102.0
2543.0
1498.0
5689.0
2786.0
1730.0
4643.0
2927.0
1666.0
736.0
4606.0
2490.0
1478.0
864.0
5068.0
2230.0
1331.0
465.0
4827.0
1606.0
918.0
231.0
851.0
31.0
255.0
96.0
1928.0
16.0
629.0
219.0
4255.0
161.0
1855.0
1008.0
588.0
4007.0
2180.0
1505.0
623.0
5926.0
69.0
2672.0
1566.0
3078.0
1041.0
540.0
285.0
103.0
1247.0
690.0
377.0
4768.0
2199.0
1071.0
409.0
5162.0
2228.0
1131.0
478.0
2874.0
94.0
1321.0
675.0
488.0
4860.0
2753.0
1615.0
2407.0
1358.0
29.0
776.0
460.0
5630.0
2948.0
1817.0
859.0
2959.0
54.0
1220.0
176.0
225.0
123.0
83.0
41.0
6660.0
3330.0
1916.0
1065.0
2669.0
1637.0
1303.0
503.0
785.0
28.0
423.0
234.0
3945.0
2159.0
1302.0
774.0
609.0
532.0
637.0
1326.0
23.0
301.0
181.0
2505.0
2412.0
1398.0
2998.0
1335.0
683.0
324.0
3168.0
1550.0
128.0
34.0
6171.0
3106.0
1880.0
1100.0
7523.0
3480.0
1955.0
1425.0
18.0
891.0
442.0
3121.0
186.0
1598.0
933.0
456.0
3116.0
1342.0
619.0
4088.0
1664.0
53.0
833.0
327.0
171.0
93.0
278.0
153.0
606.0
338.0
196.0
113.0
1212.0
80.0
593.0
504.0
206.0
4401.0
1956.0
1352.0
780.0
2177.0
1314.0
993.0
618.0
1195.0
508.0
248.0
158.0
2042.0
68.0
871.0
311.0
3981.0
2010.0
1232.0
689.0
4391.0
120.0
2257.0
1338.0
699.0
4871.0
2388.0
1356.0
677.0
5356.0
2578.0
1665.0
799.0
3369.0
2600.0
926.0
929.0
5075.0
2378.0
1380.0
533.0
5213.0
1934.0
1012.0
259.0
1709.0
1016.0
576.0
237.0
2502.0
1295.0
332.0
6223.0
2914.0
1732.0
946.0
3409.0
925.0
344.0
6558.0
2675.0
1443.0
597.0
6137.0
2352.0
1252.0
376.0
2774.0
1159.0
644.0
505.0
4960.0
2056.0
1036.0
521.0
5350.0
2075.0
1157.0
541.0
3141.0
129.0
2061.0
1245.0
832.0
9100.0
3784.0
2041.0
1059.0
5797.0
2884.0
1608.0
973.0
3617.0
1710.0
57.0
595.0
3616.0
101.0
1395.0
682.0
194.0
462.0
221.0
127.0
131.0
37.0
735.0
19.0
464.0
229.0
1300.0
421.0
249.0
3793.0
166.0
2160.0
1163.0
839.0
6578.0
3405.0
1852.0
1048.0
6119.0
3305.0
1802.0
1078.0
2217.0
860.0
424.0
256.0
5169.0
64.0
2533.0
1375.0
846.0
6449.0
3099.0
1716.0
1084.0
4023.0
2067.0
1255.0
598.0
7648.0
3355.0
1828.0
908.0
7627.0
3438.0
1840.0
116.0
6653.0
2635.0
1521.0
760.0
6321.0
2413.0
1243.0
437.0
3325.0
1244.0
759.0
553.0
3479.0
76.0
1355.0
882.0
426.0
5540.0
124.0
2117.0
52.0
1189.0
544.0
5177.0
92.0
2054.0
1215.0
653.0
5770.0
183.0
1466.0
719.0
6118.0
2678.0
1624.0
932.0
7819.0
3440.0
1020.0
4290.0
2128.0
1493.0
838.0
5569.0
2188.0
1200.0
537.0
7706.0
3144.0
1813.0
1013.0
7121.0
2723.0
1582.0
769.0
7541.0
3032.0
1633.0
6200.0
2403.0
1559.0
5920.0
167.0
2449.0
1235.0
425.0
1585.0
816.0
477.0
279.0
3681.0
1719.0
913.0
4482.0
1942.0
1029.0
496.0
4799.0
137.0
2096.0
1156.0
552.0
7545.0
3239.0
1125.0
7746.0
3414.0
1974.0
1114.0
7263.0
3298.0
1844.0
1074.0
7766.0
3439.0
1864.0
1053.0
4719.0
147.0
2149.0
1257.0
676.0
4582.0
74.0
1763.0
916.0
5134.0
1925.0
1019.0
321.0
401.0
246.0
163.0
868.0
444.0
205.0
2627.0
1080.0
670.0
308.0
3086.0
114.0
1288.0
836.0
435.0
2236.0
71.0
1111.0
840.0
388.0
5180.0
2524.0
1611.0
969.0
7389.0
3313.0
912.0
6697.0
2989.0
1785.0
1009.0
1464.0
903.0
495.0
3189.0
100.0
1266.0
824.0
320.0
3558.0
168.0
1384.0
744.0
410.0
5812.0
191.0
2719.0
1544.0
6344.0
2954.0
914.0
7191.0
3027.0
1713.0
872.0
7468.0
1770.0
875.0
8127.0
3575.0
1986.0
1103.0
8195.0
3601.0
2005.0
169.0
6323.0
3040.0
1738.0
954.0
4130.0
95.0
1932.0
1117.0
543.0
5324.0
2463.0
1368.0
807.0
4659.0
1723.0
952.0
303.0
661.0
375.0
1754.0
845.0
632.0
282.0
1893.0
78.0
904.0
559.0
4355.0
159.0
2332.0
1370.0
1058.0
38.0
733.0
519.0
506.0
2729.0
73.0
520.0
297.0
5227.0
112.0
2078.0
1108.0
662.0
6686.0
2838.0
1470.0
634.0
7014.0
2879.0
1494.0
630.0
4408.0
1834.0
915.0
489.0
6101.0
2695.0
1382.0
610.0
6308.0
2714.0
1260.0
603.0
7068.0
2825.0
1428.0
482.0
4496.0
1632.0
33.0
960.0
663.0
5911.0
179.0
2410.0
664.0
6244.0
2434.0
1377.0
643.0
7101.0
2746.0
1339.0
4039.0
1532.0
941.0
5664.0
182.0
2264.0
1165.0
6097.0
2486.0
1318.0
591.0
5509.0
2362.0
1175.0
723.0
6828.0
2947.0
1471.0
696.0
7176.0
2938.0
61.0
1497.0
712.0
4953.0
77.0
2168.0
667.0
6499.0
2856.0
1508.0
685.0
6955.0
2731.0
1513.0
718.0
6322.0
6791.0
1483.0
6864.0
2622.0
1641.0
2737.0
1135.0
468.0
4597.0
1849.0
4008.0
1793.0
631.0
4861.0
1899.0
1017.0
649.0
5718.0
109.0
758.0
5983.0
1337.0
7295.0
2986.0
975.0
1827.0
1450.0
564.0
335.0
4776.0
2596.0
1661.0
2210.0
1007.0
441.0
227.0
583.0
514.0
706.0
996.0
763.0
777.0
133.0
2916.0
567.0
3434.0
3203.0
1126.0
6555.0
2598.0
2360.0
1192.0
2094.0
502.0
5380.0
2306.0
1276.0
2512.0
1563.0
2207.0
1525.0
1653.0
188.0
708.0
451.0
2855.0
1441.0
2549.0
1018.0
115.0
403.0
994.0
2571.0
1565.0
253.0
907.0
434.0
2454.0
1541.0
4935.0
2858.0
980.0
6262.0
2371.0
1366.0
3462.0
1686.0
59.0
3998.0
1757.0
1096.0
7188.0
3149.0
1731.0
1010.0
3377.0
1489.0
865.0
415.0
3497.0
857.0
430.0
6123.0
2952.0
6968.0
3279.0
3476.0
1907.0
9420.0
3763.0
5296.0
2603.0
6385.0
3125.0
1747.0
1119.0
2817.0
1475.0
3602.0
1801.0
938.0
7346.0
3383.0
2091.0
3454.0
1349.0
671.0
4024.0
355.0
286.0
4128.0
2355.0
1780.0
1129.0
516.0
273.0
170.0
1552.0
711.0
417.0
6488.0
3456.0
2110.0
3418.0
1171.0
830.0
4295.0
2144.0
1130.0
2341.0
1226.0
801.0
1952.0
1315.0
4436.0
2245.0
730.0
823.0
624.0
277.0
2283.0
976.0
4075.0
2141.0
1214.0
4636.0
2484.0
5429.0
2639.0
1560.0
6165.0
6933.0
3159.0
1684.0
5373.0
2619.0
1569.0
5852.0
931.0
4989.0
2996.0
2084.0
4716.0
1873.0
5293.0
1439.0
474.0
4918.0
1764.0
955.0
879.0
2015.0
247.0
4598.0
1022.0
4033.0
6358.0
2751.0
1736.0
835.0
3240.0
1082.0
581.0
2682.0
1270.0
535.0
5059.0
2269.0
476.0
5521.0
1180.0
621.0
2925.0
154.0
2812.0
1806.0
2508.0
802.0
642.0
5757.0
3228.0
1881.0
1066.0
3064.0
1251.0
641.0
230.0
6850.0
2008.0
798.0
433.0
3965.0
2166.0
1390.0
702.0
347.0
197.0
2815.0
1512.0
793.0
3026.0
3205.0
6230.0
3246.0
1999.0
3553.0
2129.0
2984.0
1465.0
940.0
3249.0
1629.0
1028.0
3245.0
1374.0
4390.0
1733.0
4535.0
2052.0
866.0
2246.0
1325.0
746.0
1246.0
512.0
2170.0
897.0
4072.0
1283.0
4564.0
2370.0
5062.0
2393.0
5687.0
3698.0
2777.0
5141.0
152.0
2576.0
5347.0
2003.0
1223.0
1032.0
2548.0
1360.0
3052.0
3468.0
1378.0
348.0
2720.0
1605.0
6634.0
2391.0
1312.0
447.0
2846.0
680.0
586.0
5316.0
5607.0
2225.0
1164.0
613.0
3160.0
9744.0
4178.0
2134.0
810.0
5912.0
2945.0
1667.0
1026.0
1759.0
1154.0
616.0
3735.0
200.0
142.0
239.0
1333.0
650.0
261.0
3931.0
2209.0
6959.0
1967.0
6382.0
1946.0
2293.0
5369.0
2585.0
1415.0
905.0
6722.0
3273.0
4133.0
2083.0
1282.0
622.0
7891.0
1994.0
8007.0
3513.0
2048.0
262.0
7052.0
2820.0
1610.0
6798.0
2545.0
1408.0
806.0
563.0
3576.0
1417.0
887.0
5831.0
2234.0
1250.0
5272.0
2132.0
715.0
6158.0
2700.0
1571.0
6879.0
2913.0
1647.0
949.0
8101.0
3530.0
2016.0
943.0
4375.0
2243.0
5863.0
648.0
8042.0
3344.0
1888.0
1057.0
7569.0
2804.0
1683.0
813.0
7797.0
3143.0
1871.0
6831.0
2446.0
1590.0
6190.0
190.0
2510.0
1262.0
834.0
3883.0
1765.0
4669.0
1958.0
5127.0
2120.0
7900.0
2001.0
1118.0
8088.0
3534.0
2145.0
7701.0
3389.0
1970.0
8080.0
3562.0
2051.0
4986.0
2305.0
694.0
4771.0
1803.0
1050.0
296.0
5480.0
1184.0
530.0
772.0
402.0
250.0
880.0
2704.0
1127.0
315.0
3283.0
1313.0
570.0
2335.0
1143.0
5399.0
2640.0
7658.0
3515.0
257.0
7069.0
3209.0
1886.0
180.0
948.0
854.0
3356.0
134.0
844.0
3672.0
566.0
6142.0
2890.0
1651.0
1076.0
7064.0
1771.0
1109.0
7637.0
3169.0
1822.0
7857.0
3231.0
1077.0
8511.0
3667.0
2139.0
8579.0
3689.0
2158.0
264.0
6713.0
3158.0
1116.0
4324.0
2050.0
1186.0
5683.0
2593.0
1389.0
4912.0
666.0
203.0
364.0
1976.0
4447.0
2460.0
1038.0
1110.0
558.0
2755.0
1067.0
317.0
5649.0
2274.0
1155.0
6975.0
2867.0
742.0
7256.0
749.0
4499.0
6325.0
628.0
6672.0
2862.0
691.0
7505.0
2918.0
1519.0
4751.0
1668.0
1063.0
6134.0
2546.0
714.0
6568.0
2583.0
1413.0
728.0
7407.0
1486.0
550.0
4317.0
5949.0
2345.0
6411.0
2556.0
5729.0
2478.0
1248.0
7284.0
3037.0
1603.0
7399.0
3019.0
771.0
5273.0
2252.0
1170.0
6823.0
2909.0
755.0
7195.0
2963.0
1589.0
6398.0
6945.0
4664.0
1862.0
4144.0
4888.0
1900.0
651.0
5847.0
6017.0
7364.0
988.0
928.0
4721.0
5402.0
2312.0
1004.0
3491.0
4017.0
7240.0
1745.0
1073.0
3044.0
1845.0
7035.0
3606.0
7379.0
2097.0
3455.0
6504.0
3424.0
4448.0
138.0
3688.0
5438.0
5411.0
5870.0
5106.0
4747.0
2017.0
2022.0
1354.0
3362.0
5105.0
5530.0
5191.0
5840.0
3441.0
956.0
3291.0
7849.0
3571.0
2189.0
3258.0
3264.0
1399.0
1490.0
3060.0
3501.0
6639.0
5633.0
710.0
9873.0
1704.0
3796.0
1782.0
3736.0
1953.0
4168.0
8051.0
2053.0
8131.0
7073.0
2831.0
1621.0
6822.0
2628.0
5838.0
2717.0
6914.0
8203.0
3548.0
5923.0
8187.0
7661.0
1700.0
829.0
7896.0
8273.0
7784.0
1971.0
8210.0
3580.0
5071.0
2307.0
2338.0
5493.0
7765.0
3518.0
270.0
7084.0
970.0
3361.0
3723.0
6272.0
2904.0
7693.0
3176.0
1825.0
7894.0
3299.0
8658.0
2179.0
323.0
8727.0
3699.0
1882.0
4372.0
5749.0
4936.0
1087.0
5658.0
7152.0
2868.0
7307.0
2977.0
4804.0
6340.0
2765.0
1561.0
2870.0
7593.0
6183.0
6577.0
7437.0
6042.0
2361.0
6424.0
5811.0
3090.0
1645.0
7538.0
3171.0
781.0
5501.0
6903.0
2953.0
805.0
7265.0
6506.0
2392.0
6976.0
4685.0
1872.0
7376.0
1841.0
1458.0
2235.0
2641.0
4791.0
5505.0
1662.0
2706.0
6341.0
4034.0
7255.0
1773.0
6191.0
7042.0
5311.0
765.0
3540.0
6750.0
3442.0
4500.0
2475.0
3742.0
6206.0
5444.0
4796.0
4101.0
5137.0
2276.0
5875.0
3304.0
3161.0
6913.0
3976.0
2985.0
3029.0
2109.0
7898.0
2211.0
3282.0
4769.0
4078.0
5238.0
5826.0
3935.0
2727.0
939.0
5334.0
5663.0
3257.0
10173.0
471.0
6001.0
3848.0
3785.0
1379.0
4029.0
5450.0
6878.0
3315.0
1037.0
8148.0
8359.0
7127.0
6838.0
924.0
5907.0
2265.0
5418.0
6265.0
7094.0
2915.0
1829.0
8229.0
2034.0
4476.0
2256.0
5970.0
8249.0
3404.0
1960.0
7761.0
7954.0
6858.0
2527.0
4684.0
8016.0
2112.0
8319.0
7821.0
3430.0
963.0
8275.0
3585.0
5125.0
1473.0
4826.0
5584.0
7796.0
7331.0
3401.0
6332.0
7246.0
7729.0
7921.0
8766.0
3669.0
2187.0
8831.0
3702.0
2215.0
445.0
6848.0
4406.0
5759.0
4956.0
1830.0
1992.0
2880.0
5752.0
7170.0
7313.0
4870.0
6369.0
6840.0
7705.0
6240.0
1387.0
7479.0
1068.0
6069.0
7448.0
3107.0
7617.0
5528.0
7286.0
6523.0
6813.0
4843.0
4283.0
5017.0
6199.0
2333.0
7466.0
1056.0
572.0
4880.0
1743.0
6706.0
2660.0
1319.0
2405.0
4832.0
5789.0
2318.0
3714.0
1680.0
2871.0
2575.0
2875.0
6437.0
1411.0
1206.0
7391.0
1791.0
3422.0
3521.0
3061.0
7157.0
2065.0
8038.0
9803.0
5423.0
6513.0
2937.0
1093.0
7655.0
3721.0
1132.0
745.0
6923.0
2623.0
3759.0
1386.0
1533.0
2296.0
4222.0
5502.0
5454.0
5985.0
2860.0
5420.0
3202.0
4893.0
1908.0
5455.0
5185.0
2059.0
950.0
4603.0
4135.0
1168.0
1198.0
2988.0
1401.0
5301.0
2833.0
1903.0
2522.0
6025.0
3372.0
3452.0
1376.0
3102.0
1364.0
3589.0
2219.0
3005.0
4529.0
4885.0
910.0
4297.0
4908.0
5283.0
2411.0
2644.0
4116.0
5231.0
2582.0
5564.0
1225.0
6572.0
3516.0
7074.0
2861.0
5345.0
5758.0
10183.0
4381.0
6098.0
3909.0
1172.0
3834.0
1826.0
4207.0
7444.0
2395.0
5678.0
7130.0
3326.0
4243.0
8582.0
8613.0
7420.0
7227.0
3450.0
3581.0
6068.0
2331.0
5549.0
2143.0
1388.0
6423.0
2722.0
7418.0
2983.0
8538.0
3556.0
2047.0
4530.0
1503.0
6093.0
8513.0
1966.0
7968.0
2843.0
8193.0
1914.0
6559.0
1284.0
1623.0
3893.0
4785.0
1968.0
8353.0
8564.0
8048.0
1991.0
8561.0
3630.0
2055.0
1482.0
5104.0
5972.0
2794.0
3290.0
2401.0
8142.0
3235.0
1889.0
3625.0
3752.0
6667.0
2907.0
1695.0
7413.0
3187.0
9065.0
2202.0
9156.0
3738.0
446.0
7088.0
3224.0
1973.0
4590.0
2077.0
1249.0
6007.0
5084.0
2032.0
136.0
4756.0
1242.0
739.0
3006.0
1090.0
5897.0
1182.0
2935.0
7601.0
2999.0
1574.0
5121.0
6657.0
7163.0
2932.0
8029.0
1616.0
4859.0
6383.0
6700.0
2710.0
1487.0
7735.0
1518.0
4340.0
6116.0
6500.0
6160.0
7818.0
5537.0
7333.0
2982.0
7426.0
7066.0
2487.0
1891.0
4432.0
5716.0
1122.0
6399.0
6554.0
8482.0
1098.0
1479.0
2251.0
796.0
1843.0
2971.0
3403.0
7124.0
2668.0
1341.0
2450.0
4904.0
2240.0
6094.0
1286.0
2535.0
3718.0
2618.0
999.0
2809.0
2526.0
5431.0
3577.0
4434.0
1776.0
7732.0
3200.0
6312.0
3091.0
7455.0
10310.0
2347.0
5437.0
2887.0
6904.0
3321.0
2965.0
3788.0
4158.0
1787.0
1190.0
1556.0
7242.0
4563.0
2299.0
6220.0
7423.0
5538.0
6355.0
1985.0
5558.0
3416.0
5869.0
5300.0
2079.0
4836.0
6844.0
1330.0
5615.0
6006.0
2288.0
5433.0
2569.0
847.0
6084.0
729.0
3333.0
7469.0
3557.0
2767.0
1351.0
655.0
4148.0
3110.0
3242.0
3251.0
6368.0
3312.0
9353.0
3607.0
3012.0
3703.0
4573.0
2194.0
5280.0
5319.0
5473.0
5892.0
6869.0
3123.0
1859.0
3658.0
2744.0
2888.0
5518.0
2101.0
6284.0
1211.0
3322.0
10422.0
6255.0
2975.0
1833.0
3917.0
1429.0
722.0
4345.0
1353.0
7825.0
6865.0
2426.0
5856.0
2589.0
1575.0
7531.0
4353.0
1316.0
9502.0
3554.0
2169.0
9589.0
8033.0
1674.0
7832.0
1517.0
3671.0
6418.0
5644.0
1446.0
6646.0
1721.0
8035.0
3056.0
9484.0
3624.0
4696.0
6400.0
1277.0
9530.0
8685.0
9111.0
2646.0
1646.0
7372.0
2701.0
5010.0
2071.0
8847.0
9137.0
3650.0
8712.0
9383.0
3665.0
2173.0
5728.0
1868.0
6238.0
2814.0
1145.0
873.0
2670.0
8781.0
3800.0
4036.0
6969.0
2928.0
8573.0
1875.0
8852.0
9805.0
3853.0
8000.0
3340.0
4657.0
2086.0
6395.0
5371.0
2127.0
5160.0
2469.0
1597.0
2396.0
2997.0
1572.0
8379.0
3015.0
5164.0
1194.0
6971.0
2961.0
7571.0
8648.0
2978.0
4981.0
1679.0
6737.0
2584.0
7381.0
8536.0
4539.0
1593.0
2442.0
7165.0
6219.0
2534.0
8389.0
1702.0
8624.0
3341.0
8299.0
1687.0
8478.0
3008.0
6470.0
2406.0
1161.0
2531.0
1148.0
7177.0
2525.0
7258.0
2611.0
1396.0
1256.0
439.0
1324.0
4315.0
95.01
3701.0
1501.0
761.0
5073.0
499.0
5522.0
1069.0
612.0
5854.0
177.0
2298.0
5877.0
2184.0
7000.0
2752.0
1613.0
837.0
7583.0
3014.0
1972.0
390.0
1492.0
4475.0
2314.0
40.01
971.0
33.01
509.0
2193.0
1484.0
155.01
510.0
411.0
314.0
500.0
738.0
10.01
213.0
2917.0
3288.0
3243.0
1639.0
646.0
6731.0
1305.0
383.0
2281.0
1153.0
639.0
370.0
4382.0
2012.0
1181.0
5482.0
2222.0
562.0
3856.0
1348.0
700.0
3600.0
1280.0
668.01
981.0
54.01
656.0
300.0
517.0
483.0
2313.0
126.0
329.0
232.0
150.0
393.0
260.0
212.0
936.0
1015.0
4807.0
193.0
2691.0
79.01
725.0
5933.0
2244.0
1099.0
342.0
294.0
3391.0
1489.01
57.01
405.0
4281.0
923.0
7045.0
244.0
3016.0
1729.0
3233.0
1467.01
372.0
3567.0
1540.0
5858.0
202.01
721.0
7012.0
3126.0
1836.0
930.0
7500.0
3351.0
1961.0
11172.0
3860.0
2163.0
5037.0
1448.0
5991.0
2849.0
419.0
3420.0
132.0
1649.0
7345.0
3584.0
693.0
208.0
4260.0
1635.0
0.01
366.0
185.0
88.01
1469.0
1112.0
1520.0
399.0
189.0
408.0
209.0
6615.0
1962.0
927.0
1573.0
1055.01
4091.0
1939.0
1332.0
2455.0
1136.0
819.0
4224.0
2113.0
554.0
1514.0
289.0
147.01
290.0
207.0
4587.0
2148.0
1327.0
635.0
756.0
1580.0
6936.0
3082.0
884.01
5252.0
2419.0
1612.0
5771.0
1690.0
4321.0
2789.0
4439.0
577.0
2092.0
1291.0
491.0
5215.0
1677.0
850.0
967.0
223.0
4430.0
82.0
855.0
3011.0
1672.0
1529.0
5738.0
2532.0
1557.0
407.0
265.0
636.0
254.0
1239.01
791.0
5136.0
2190.0
5762.0
152.01
77.01
440.0
4872.0
1892.0
1311.0
436.0
6003.0
216.0
1940.0
88.0
1204.0
6089.0
3256.0
1820.0
964.0
2792.0
1607.0
984.0
11.01
1453.0
731.0
308.01
3009.0
202.0
2336.0
85.0
1228.0
2782.0
1296.0
11.0
3229.0
493.01
5990.0
2658.0
3338.0
2740.0
1292.0
386.0
968.0
3394.0
1169.0
214.0
97.0
1578.0
276.0
352.0
245.0
3884.0
1808.0
737.0
2024.0
957.0
1095.0
271.0
479.0
292.0
4285.0
1187.0
679.0
4841.0
732.0
5313.0
789.0
217.01
991.0
5021.0
2432.0
5460.0
1000.0
1689.0
822.0
367.0
309.0
1334.0
6337.0
2848.0
1767.0
922.0
3460.0
346.0
7081.0
2758.0
1539.0
6827.0
396.0
2873.0
1079.0
5155.0
604.0
5788.0
1275.0
2542.0
1562.0
10639.0
3941.0
2261.0
2799.0
917.0
3657.0
1694.0
63.01
7739.0
139.0
3354.0
2031.0
1410.0
783.0
1328.0
605.0
378.0
3360.0
698.0
6478.0
3225.0
1977.0
6066.0
2668.01
1863.0
998.01
241.0
5133.0
1509.0
5308.0
2732.0
110.0
1768.0
867.0
6454.0
3010.0
1846.0
920.0
4195.0
2030.0
8522.0
3400.0
1965.0
8529.0
1911.0
1033.0
6981.0
2760.0
727.0
6919.0
2444.0
1274.0
828.0
3184.0
5694.0
1205.0
5208.0
1951.0
1285.01
5973.0
2418.0
1468.0
6319.0
2791.0
8342.0
3380.0
1994.01
3995.0
144.0
584.0
5994.0
2171.0
501.0
8403.0
826.0
7759.0
2807.0
821.0
8023.0
1857.0
2889.0
6427.0
2601.0
1594.0
734.0
6723.0
2440.0
1218.0
413.0
1814.0
339.0
3939.0
1760.0
493.0
4941.0
200.01
2027.0
545.0
5706.0
2255.0
1176.0
7551.0
3267.0
1949.0
7758.0
3371.0
1002.0
7704.0
3301.0
1975.0
8301.0
3359.0
2004.0
1027.0
5089.0
2203.0
1322.0
5161.0
1758.01
319.0
235.0
17.01
305.01
2824.0
307.0
3127.0
359.0
2430.0
365.0
5488.0
2453.0
7875.0
3255.0
1879.0
1035.0
7065.0
962.0
1548.0
688.0
3552.0
784.0
341.0
3940.0
861.0
6270.0
2710.01
6929.0
2931.0
1725.0
8013.0
3062.0
1850.0
947.0
8310.0
3167.0
1887.0
944.0
8938.0
3539.0
84.0
2064.0
1042.0
8999.0
1051.0
6763.0
1883.0
4286.0
94.01
1905.0
5707.0
2497.0
4738.0
3.01
617.0
325.0
1761.0
751.0
811.0
4314.0
2286.0
1536.0
458.0
281.0
2810.0
72.0
5098.0
6916.0
2648.0
668.0
7294.0
2730.0
705.0
3989.0
1711.0
556.0
2605.0
1437.0
6830.0
222.0
2650.0
1447.0
7694.0
551.0
4518.0
1678.0
2501.0
654.0
6806.0
2555.0
60.01
2718.0
1424.0
526.0
590.0
2192.0
1350.0
626.0
6621.0
2496.0
515.0
8094.0
228.0
3094.0
1620.0
538.0
5815.0
2390.0
1290.0
7356.0
704.0
7586.0
2949.0
740.0
4770.0
691.01
6921.0
2716.0
1537.0
674.0
7237.0
2741.0
1535.0
2452.0
7194.0
2544.0
7695.0
2566.0
1403.0
7844.0
2637.0
2561.0
1040.0
3136.0
2035.0
4453.0
3781.0
1853.0
6053.0
2364.0
2844.0
7799.0
1982.0
1507.0
4534.0
511.0
414.0
2514.0
1185.0
2974.0
3319.0
3274.0
2321.0
1179.0
4607.0
5603.0
2249.0
1281.0
2385.0
773.0
1774.0
983.0
2788.0
2348.0
452.0
2573.0
1046.0
2770.0
6194.0
1461.0
594.0
3535.0
1543.0
4443.0
925.01
3328.0
3697.0
6106.0
3043.0
1792.0
7283.0
3318.0
1978.0
7596.0
3481.0
11344.0
3926.0
2263.0
2543.01
2866.0
1739.0
3490.0
7736.0
3413.0
2025.0
1056.01
3739.0
127.01
369.0
4115.0
2201.0
274.0
6820.0
3370.0
4142.0
2033.0
4235.0
863.0
4282.0
4688.0
5648.0
6271.0
6954.0
1795.0
5410.0
2617.0
1696.0
4812.0
310.0
2995.01
1735.0
4493.0
5366.0
1693.0
874.0
4514.0
1943.01
5936.0
2564.0
1591.0
461.0
3057.0
2987.0
5412.0
2214.0
524.0
1289.0
2995.0
1430.0
5063.0
2687.0
1915.0
2642.0
1336.01
878.0
6057.0
2045.0
6394.0
3332.01
1906.0
1669.0
1061.0
748.0
498.0
768.0
3352.0
6226.0
1918.0
8001.0
3502.0
2066.0
3520.0
4226.0
3992.0
1216.0
293.0
4359.0
2029.0
4992.0
2679.0
5040.0
5763.0
1177.0
2725.0
6542.0
141.0
2896.0
3486.0
2853.0
1545.0
794.0
2936.0
5285.0
1938.0
6058.0
4099.0
5953.0
1809.0
3766.0
547.0
3531.0
4177.0
1414.0
1343.0
381.0
782.0
6623.0
6152.0
2223.0
5309.0
3101.0
3154.0
4248.0
1454.0
8802.0
8836.0
3565.01
2021.0
7226.0
752.0
2513.0
78.03
3150.0
1299.0
5938.0
2159.01
5471.0
2019.0
6228.0
2485.0
6599.0
2883.0
1786.0
8767.0
4074.0
6162.0
1287.0
8737.0
3478.0
1923.0
953.0
8185.0
852.0
8408.0
3261.0
6997.0
7104.0
1648.0
792.0
7023.0
1224.0
895.0
380.0
4165.0
1770.01
7711.0
2074.0
8339.0
215.0
2087.0
8078.0
2089.0
5276.0
2266.0
119.0
743.0
5331.0
1784.0
5829.0
935.0
3135.0
2465.0
2504.0
8180.0
3347.0
7456.0
3166.0
1047.0
1579.0
3692.0
4086.0
6441.0
2852.0
7298.0
2970.0
8323.0
3199.0
1922.0
8609.0
3335.0
1944.0
977.0
9178.0
2200.0
1054.0
9281.0
279.01
3647.02
2136.0
1085.0
3185.0
4356.0
1909.01
5787.0
1438.0
4842.0
2090.0
841.0
4449.0
2828.0
1515.0
1740.0
6566.0
2751.01
2738.0
8092.0
2891.0
1558.0
4633.0
6486.0
2520.0
7056.0
2604.0
8010.0
1511.0
4069.0
1604.0
6777.0
8295.0
1712.01
1372.0
7575.0
3018.0
1600.0
7793.0
4971.0
1265.0
7132.0
7548.0
2817.01
116.01
6684.0
2659.0
5138.0
7419.0
7999.0
7098.0
2375.0
4650.0
5616.0
3908.0
5079.0
1685.0
7292.0
3132.0
6111.0
3075.0
3761.0
2011.0
3644.0
331.0
3047.0
5294.0
4549.0
5977.0
5442.0
6099.0
5091.0
1935.0
2081.0
6396.0
1948.0
3461.0
1083.0
5780.0
7478.0
5360.0
6114.0
2320.0
4189.0
5321.0
3108.0
4268.0
8857.0
8871.0
7189.0
2521.01
5942.0
5474.0
3609.0
6192.0
3482.0
8248.0
7022.0
4176.0
2176.0
5993.0
3600.01
8106.0
3457.0
8515.0
5297.0
5389.0
5848.0
5915.0
8209.0
3725.0
4169.0
6464.0
1724.0
8327.0
8636.0
1018.01
9225.0
3666.0
9326.0
3715.0
2140.0
1983.01
4847.0
5386.0
7239.0
7564.0
2818.0
6611.0
7032.0
8111.0
4666.0
8030.0
6797.0
8309.0
7665.0
7955.0
7155.0
2466.0
7727.0
2680.01
3807.0
5150.0
1858.0
2384.0
7510.0
579.0
2981.0
4662.0
2377.0
5110.0
3541.0
3737.0
6210.0
11716.0
3943.0
6102.0
3507.0
2026.0
6293.0
5414.0
4835.0
333.0
6133.0
3028.0
3448.0
3443.0
3527.0
1676.0
2592.0
6703.0
2962.0
7185.0
5461.0
6127.0
3787.0
4200.0
8888.0
8919.0
7233.0
7220.0
5954.0
5485.0
8881.0
6224.0
568.0
8287.0
8559.0
2960.0
7041.0
4244.0
3509.01
5315.0
5407.0
1831.0
5887.0
2958.0
2493.0
1614.0
6491.0
8335.0
3213.0
8659.0
9236.0
9342.0
3722.0
7085.0
4363.0
5805.0
7599.0
2836.0
2801.0
1528.0
1823.0
6569.0
8034.0
6209.0
2278.0
6832.0
8503.0
6197.0
7778.0
8052.0
2018.0
7221.0
7602.0
7768.0
4562.0
3859.0
5224.0
5719.0
6125.0
8303.0
3133.0
7183.0
1323.0
2383.0
5665.0
3684.0
6370.0
3592.0
4473.0
7421.0
3806.0
6242.0
7325.0
7624.0
3510.0
4067.0
5202.0
6274.0
2902.0
1423.0
1346.0
6857.0
3432.0
2040.0
3306.0
1553.0
4350.0
4708.0
5653.0
2337.0
2692.0
5054.0
4523.0
5452.0
4585.0
3220.0
3038.0
6266.0
1309.0
2690.0
3233.01
3467.0
2796.0
3996.0
921.0
8125.0
1203.0
1839.0
4456.0
4620.0
5513.0
5153.0
5813.0
2980.0
6896.0
3659.0
7199.0
5475.0
6151.0
4114.0
2863.0
3797.0
4236.0
3724.0
5393.0
6014.0
4313.0
8980.0
9026.0
7251.0
3164.0
3271.0
6023.0
5525.0
6711.0
8942.0
3631.0
4121.0
6313.0
8862.0
1941.0
8578.0
7061.0
2972.0
7136.0
2519.0
1983.0
8197.0
1089.0
8788.0
3629.0
8172.0
3613.0
2967.0
2540.0
8328.0
3348.0
1657.0
3826.0
6601.0
7361.0
8457.0
3227.0
9341.0
9464.0
7129.0
4440.0
5868.0
4925.0
1902.0
2877.0
5492.0
7382.0
4446.0
6636.0
8242.0
4717.0
6647.0
7179.0
8136.0
4124.0
6422.0
7099.0
8660.0
6246.0
7790.0
3036.0
8099.0
5008.0
7362.0
7833.0
7429.0
2625.0
2768.0
8208.0
4576.0
3922.0
5288.0
5794.0
6211.0
7615.0
4765.0
3323.0
7211.0
4712.0
5917.0
2271.0
3959.0
986.0
2811.0
2394.0
2780.0
3611.0
4504.0
1706.0
3365.0
7452.0
7667.0
12567.0
5254.0
6345.0
3544.0
7772.0
3869.0
4312.0
6888.0
3314.0
3712.0
5715.0
5952.0
5381.0
5434.0
5462.0
2282.0
4616.0
3218.0
6120.0
3063.0
5567.0
6353.0
2283.01
6148.0
6467.0
1699.0
4020.0
3677.0
2696.0
6327.0
5009.0
5636.0
5263.0
5885.0
3080.0
6910.0
7604.0
5500.0
11517.0
2864.0
3576.01
4291.0
1861.0
3830.0
1800.0
6642.0
3289.0
2923.0
2289.0
5465.0
6185.0
3198.0
6789.0
4344.0
9125.0
3358.0
6110.0
5604.0
6403.0
6753.0
9047.0
3643.0
6408.0
2218.0
9080.0
3500.0
8637.0
2955.0
7153.0
4287.0
5396.0
8297.0
3615.0
8945.0
5470.0
1870.0
6108.0
3077.0
1102.0
3196.0
3882.0
6655.0
7486.0
9447.0
9593.0
3746.0
7217.0
3275.0
4536.0
1207.0
5504.0
7412.0
4570.0
4718.0
6804.0
7235.0
8200.0
4202.0
6627.0
7158.0
2563.0
8743.0
3222.0
7484.0
2859.0
2560.0
1197.0
8237.0
8567.0
8874.0
5821.0
5029.0
4089.0
2438.0
9149.0
3095.0
9201.0
1943.0
2036.0
5116.0
2308.0
3039.0
3406.0
7973.0
2587.0
5261.0
6607.0
4245.0
2876.0
2869.0
2433.0
2787.0
2292.0
395.0
1500.0
3770.0
8864.0
3272.0
1837.0
3451.0
3821.0
6881.0
3085.0
7966.0
3651.01
14927.0
4182.0
5417.0
849.0
6665.0
2990.0
3808.0
8305.0
2197.0
4071.0
4465.0
1174.0
6995.0
3485.0
2547.0
1152.0
3804.0
4501.0
2073.0
4816.0
6067.0
6767.0
2821.0
8095.0
6484.0
2779.0
6460.0
1748.0
5660.0
5773.0
2357.0
5085.0
3459.0
6495.0
1703.0
3280.0
6139.0
2220.0
3053.0
6604.0
2130.0
1052.0
3533.0
6692.0
2892.0
4134.0
1409.0
8849.0
3593.0
2152.0
2802.0
3632.0
4435.0
4173.0
1222.0
4546.0
1199.0
4694.0
5030.0
5740.0
2559.0
3753.0
5507.0
6256.0
3259.0
7835.0
3175.0
4080.0
8853.0
1682.0
8281.0
1995.0
14983.0
4180.0
6459.0
1025.0
8601.0
2212.0
1435.0
1406.0
4037.0
1832.0
6900.0
6233.0
2343.0
5573.0
2528.0
7160.0
1816.0
7688.0
4605.0
10465.0
10565.0
3636.0
8467.0
8565.0
3376.0
3570.0
1301.0
5742.0
2058.0
7070.0
1931.0
10455.0
4513.0
1384.01
10491.0
3646.0
9773.0
1670.0
9990.0
1996.0
8238.0
8075.0
3031.0
8062.0
2572.0
4580.0
1191.0
6356.0
2366.0
9537.0
2108.0
1094.0
10303.0
3747.0
2103.0
1137.0
9561.0
3664.0
1070.0
10419.0
3779.0
1139.0
5900.0
1345.0
6026.0
353.0
6538.0
3296.0
2806.0
9379.0
3426.0
4468.0
2929.0
8833.0
3174.0
9271.0
3303.0
10091.0
3499.0
10730.0
3818.0
2248.0
1133.0
10826.0
3829.0
7915.0
3285.0
4739.0
6670.0
5284.0
1987.0
4845.0
2382.0
657.0
5940.0
2930.0
4825.0
7525.0
2839.0
8213.0
9509.0
4962.0
7207.0
2537.0
8349.0
2626.0
9374.0
4384.0
7270.0
8156.0
10082.0
1796.0
6687.0
8830.0
1692.0
9473.0
251.0
8214.0
2878.0
8856.0
2988.02
6780.0
10789.0
4522.0
1233.0
1766.0
7708.0
10844.0
2973.0
7843.0
11727.0
7977.0
11349.0
3089.0
4352.0
4648.0
7540.0
2897.0
4338.0
6178.0
1449.0
4775.0
9039.0
1947.0
3754.0
1062.0
5855.0
10356.0
825.0
2819.0
10671.0
1393.0
6309.0
10519.0
2703.0
2840.0
7873.0
11713.0
3334.0
5610.0
2721.0
889.0
8473.0
11996.0
3563.0
3605.0
2898.0
4002.0
627.0
1655.0
5111.0
8302.0
2558.0
4221.0
4675.0
3757.0
2340.0
1459.0
236.0
5260.0
1049.0
330.0
459.0
4846.0
7050.0
4166.0
886.0
438.0
1128.0
2339.0
481.0
6439.0
3421.0
1474.0
3525.0
6702.0
4201.0
808.0
6701.0
3840.0
7323.0
11140.0
5547.0
2334.0
4407.0
684.0
4787.0
7995.0
4437.0
5655.0
9337.0
2499.0
565.0
4154.0
1912.0
4171.0
3277.0
1081.0
2803.0
4789.0
3153.0
539.0
350.0
2905.0
5695.0
2652.0
1091.0
313.0
135.0
1166.0
4204.0
1712.0
3331.0
487.0
448.0
534.0
779.0
5999.0
3622.0
1789.0
9071.0
1727.0
2445.0
888.0
9701.0
2500.0
4531.0
1959.0
492.0
340.0
3119.0
5244.0
1527.0
2661.0
1045.0
4320.0
1851.0
4707.0
7563.0
11691.0
5908.0
5714.0
3878.0
10113.0
3232.0
7717.0
11362.0
3604.0
6434.0
1904.0
8018.0
12301.0
3962.0
2118.0
11109.0
10693.0
4113.0
6258.0
7349.0
4153.0
6352.0
10309.0
3569.0
6177.0
2476.0
3007.0
5536.0
1496.0
3111.0
937.0
466.0
3466.0
1824.0
3147.0
8234.0
11122.0
6587.0
2302.0
7154.0
3109.0
569.0
4637.0
8974.0
3661.0
267.0
406.0
4081.0
7067.0
4483.0
1086.0
2435.0
1014.0
633.0
7087.0
11872.0
3876.0
6633.0
2126.0
3216.0
6300.0
3364.0
7126.0
2007.0
5368.0
2272.0
4131.0
1812.0
3713.0
2183.0
1293.0
8759.0
2431.0
4054.0
1402.0
2872.0
431.0
1663.0
3795.0
1847.0
2284.0
5445.0
3188.0
1618.0
4494.0
8385.0
5019.0
766.0
4858.0
9505.0
5165.0
11971.0
2643.0
2373.0
6728.0
12633.0
6758.0
7753.0
12229.0
3339.0
1794.0
2956.0
5684.0
10762.0
2632.0
6512.0
11253.0
3445.0
5808.0
2781.0
5264.0
10114.0
3186.0
5592.0
1588.0
2759.0
4548.0
9588.0
4358.0
2934.0
5148.0
8427.0
4123.0
5266.0
2009.0
3368.0
911.0
6695.0
2424.0
4341.0
2363.0
3212.0
5065.0
1230.0
2778.0
9918.0
5096.0
2942.0
4592.0
1031.0
9617.0
12593.0
3877.0
6147.0
1964.0
2784.0
2808.0
5236.0
1193.0
2633.0
454.0
724.0
8165.0
2447.0
4252.0
2398.0
6146.0
9809.0
5404.0
1422.0
2944.0
596.0
4995.0
6076.0
1656.0
5403.0
3050.0
9871.0
6738.0
1866.0
3494.0
6887.0
3172.0
450.0
287.0
199.0
11118.0
3578.0
6317.0
5115.0
1522.0
1113.0
4304.0
7724.0
5873.0
814.0
3768.0
3041.0
7097.0
2629.0
893.0
2124.0
387.0
1420.0
6156.0
8566.0
3488.0
5614.0
8555.0
11957.0
3984.0
5878.0
2495.0
4928.0
3156.0
6090.0
1642.0
6867.0
585.0
4419.0
8368.0
3343.0
560.0
79.0
201.0
269.0
336.0
3627.0
6037.0
3177.0
1167.0
2467.0
299.0
1609.0
4076.0
1304.0
4398.0
858.0
2711.0
356.0
4016.0
7691.0
1984.0
4056.0
1121.0
4262.0
1253.0
5192.0
4004.0
10428.0
2614.0
5287.0
2474.0
5591.0
9467.0
1551.0
787.0
6163.0
9595.0
2409.0
7115.0
10336.0
3559.0
4639.0
1815.0
2697.0
3651.0
7840.0
1781.0
3423.0
2182.0
7669.0
11428.0
5088.0
7559.0
12171.0
4631.0
707.0
5176.0
8995.0
2068.0
3833.0
1160.0
6087.0
10735.0
2315.0
571.0
2195.0
10954.0
11864.0
4140.0
5179.0
2164.0
5946.0
8260.0
5621.0
909.0
6290.0
1869.0
3975.0
10981.0
3879.0
6782.0
2062.0
4208.0
7914.0
1717.0
1671.0
1567.0
934.0
316.0
3412.0
6708.0
7122.0
11276.0
3058.0
6584.0
6386.0
9926.0
6509.0
575.0
4862.0
961.0
5802.0
9292.0
5860.0
10754.0
3429.0
2764.0
6906.0
10352.0
3415.0
4571.0
8413.0
2253.0
4762.0
2443.0
358.0
9635.0
13727.0
2063.0
9521.0
14083.0
4040.0
2060.0
7375.0
10803.0
5074.0
2162.0
788.0
7222.0
11015.0
2712.0
4438.0
5298.0
3076.0
5439.0
1240.0
432.0
5314.0
8492.0
1150.0
4709.0
7692.0
3241.0
1919.0
800.0
6071.0
8553.0
1440.0
6752.0
8832.0
4814.0
1516.0
2739.0
9497.0
12506.0
3771.0
6248.0
2057.0
2851.0
4058.0
6980.0
1675.0
3268.0
1039.0
10157.0
1217.0
528.0
9400.0
14125.0
3824.0
6892.0
815.0
8396.0
14111.0
6472.0
8892.0
14593.0
6875.0
7388.0
12755.0
2762.0
5330.0
2093.0
10590.0
3079.0
11170.0
5553.0
7108.0
5329.0
9676.0
2408.0
1268.0
2422.0
5760.0
10453.0
1307.0
548.0
291.0
8441.0
12502.0
3599.0
1874.0
2939.0
9038.0
12275.0
9625.0
12533.0
8716.0
12435.0
3764.0
5130.0
2023.0
2943.0
9567.0
13082.0
5562.0
9406.0
2479.0
5774.0
9412.0
1144.0
9021.0
4950.0
1385.0
2287.0
1477.0
1104.0
5239.0
2769.0
726.0
1347.0
1584.0
2309.0
4027.0
10147.0
5690.0
11739.0
7788.0
11422.0
3744.0
6189.0
2506.0
809.0
523.0
3647.0
7827.0
4149.0
4292.0
8123.0
1698.0
1297.0
6821.0
10897.0
5701.0
2595.0
8144.0
11822.0
6334.0
1842.0
8809.0
13555.0
3619.0
2976.0
9302.0
14250.0
9549.0
13567.0
4014.0
2599.0
9699.0
14003.0
4026.0
455.0
7062.0
9761.0
3471.0
5872.0
1769.0
2290.0
6958.0
5918.0
9048.0
4883.0
8950.0
4374.0
1819.0
1804.0
881.0
4211.0
7981.0
5120.0
6073.0
1392.0
4752.0
7652.0
3649.0
625.0
10551.0
2835.0
4512.0
7546.0
11879.0
5744.0
1546.0
6420.0
856.0
5893.0
9777.0
2688.0
4005.0
11646.0
5391.0
2421.0
8321.0
12126.0
3096.0
1631.0
4370.0
7169.0
1876.0
3263.0
611.0
10395.0
2761.0
3803.0
2756.0
7231.0
10903.0
2901.0
8325.0
12117.0
4161.0
2693.0
8116.0
11572.0
4462.0
1737.0
6155.0
9369.0
7105.0
10355.0
9074.0
12865.0
8666.0
12383.0
3367.0
6276.0
1643.0
5109.0
7936.0
2046.0
10745.0
2893.0
5147.0
687.0
7946.0
11751.0
3145.0
6088.0
695.0
4400.0
7650.0
10529.0
4452.0
1650.0
7504.0
11001.0
5861.0
1602.0
7905.0
3025.0
3142.0
3162.0
4889.0
4471.0
1860.0
3417.0
3964.0
11096.0
2957.0
6511.0
1708.0
8861.0
6876.0
1979.0
3817.0
5045.0
1196.0
5686.0
2498.0
555.0
4975.0
8091.0
2275.0
5951.0
9432.0
2613.0
1480.0
4508.0
3551.0
1221.0
3498.0
5578.0
6581.0
3223.0
8907.0
1895.0
4877.0
8268.0
5924.0
1890.0
818.0
3276.0
1576.0
3790.0
6104.0
8186.0
4351.0
11680.0
5477.0
3137.0
6947.0
3163.0
8725.0
3932.0
599.0
3912.0
4896.0
220.0
1308.0
7553.0
4126.0
6630.0
4611.0
2608.0
1254.0
4190.0
305.0
2482.0
4572.0
6044.0
12124.0
7028.0
13066.0
8085.0
5798.0
2946.0
3547.0
5651.0
10575.0
3566.0
2630.0
1790.0
5243.0
3871.0
2728.0
870.0
1227.0
10416.0
12913.0
4150.0
2151.0
5459.0
2491.0
4460.0
546.0
2671.0
5828.0
156.0
5086.0
6479.0
9937.0
7213.0
4322.0
9113.0
1659.0
3219.0
8987.0
4109.0
2229.0
1003.0
6983.0
2673.0
4497.0
1024.0
3628.0
374.0
1988.0
4073.0
5320.0
10137.0
2606.0
6444.0
2657.0
827.0
6410.0
480.0
3073.0
7931.0
3337.0
5448.0
1658.0
7764.0
12416.0
2676.0
9162.0
2204.0
6380.0
11685.0
12592.0
4485.0
2885.0
3346.0
1898.0
9043.0
608.0
4361.0
1688.0
3545.0
2154.0
7465.0
2367.0
5862.0
2950.0
1950.0
7310.0
3573.0
4638.0
4800.0
10261.0
14171.0
4167.0
10111.0
4230.0
7555.0
10870.0
11134.0
3157.0
3648.0
4884.0
1162.0
6239.0
6841.0
3103.0
5464.0
12625.0
3907.0
6816.0
486.0
4107.0
6212.0
1238.0
9964.0
14844.0
4025.0
8909.0
14609.0
3311.0
6597.0
9316.0
15125.0
3748.0
1913.0
7611.0
7289.0
11084.0
7612.0
2966.0
5639.0
1359.0
4267.0
3805.0
5548.0
9904.0
5849.0
8739.0
3841.0
1980.0
9490.0
4184.0
2191.0
601.0
10117.0
4310.0
8960.0
4044.0
10085.0
4239.0
5853.0
1419.0
9487.0
2372.0
4629.0
5532.0
2940.0
453.0
2882.0
9345.0
13198.0
8687.0
4383.0
463.0
1821.0
8548.0
3686.0
615.0
9206.0
14634.0
3895.0
9721.0
14838.0
10252.0
4253.0
10379.0
14167.0
4335.0
7447.0
3675.0
6446.0
2353.0
2994.0
5033.0
2104.0
750.0
2865.0
4910.0
1909.0
7275.0
10574.0
665.0
6342.0
4445.0
7228.0
12257.0
3004.0
3324.0
1697.0
7628.0
10547.0
2771.0
1660.0
7482.0
5517.0
8846.0
3489.0
1756.0
717.0
8665.0
3226.0
3678.0
9436.0
1467.0
652.0
7352.0
2921.0
4651.0
9740.0
3850.0
6824.0
9012.0
12585.0
3487.0
6894.0
1715.0
2233.0
7745.0
10816.0
8289.0
12023.0
7083.0
10810.0
7850.0
11369.0
6609.0
2899.0
5925.0
4977.0
2993.0
2969.0
5679.0
6588.0
3281.0
8469.0
4428.0
2208.0
3919.0
4917.0
7577.0
4259.0
2242.0
4102.0
5799.0
10583.0
5332.0
3971.0
10500.0
4272.0
5103.0
3598.0
4331.0
3639.0
4108.0
5361.0
3093.0
7983.0
7789.0
12444.0
5383.0
6387.0
4600.0
9051.0
4215.0
5890.0
14450.0
4385.0
10139.0
2224.0
7562.0
6456.0
9935.0
12940.0
6243.0
15046.0
4051.0
638.0
8934.0
3345.0
9389.0
3772.0
7651.0
1673.0
11340.0
8764.0
13041.0
4275.0
4357.0
8970.0
6543.0
9392.0
3862.0
4393.0
7234.0
8741.0
9259.0
14680.0
720.0
9907.0
10447.0
4364.0
2185.0
10605.0
7472.0
8671.0
1707.0
6885.0
1728.0
3495.0
9823.0
3904.0
3504.0
7749.0
7133.0
7853.0
6613.0
7166.0
4472.0
1138.0
9003.0
2088.0
6619.0
4679.0
8292.0
8689.0
9001.0
3937.0
5126.0
4187.0
4119.0
6150.0
5335.0
10610.0
13001.0
5487.0
6525.0
4728.0
429.0
6477.0
7632.0
8011.0
7831.0
5425.0
2470.0
4411.0
7620.0
6451.0
5916.0
11045.0
4431.0
10371.0
7807.0
7645.0
8771.0
9800.0
10365.0
9160.0
10322.0
6005.0
1452.0
7245.0
9287.0
10042.0
10531.0
14027.0
10613.0
14485.0
7487.0
4924.0
7411.0
7841.0
7229.0
8718.0
1202.0
12546.0
9212.0
5387.0
8332.0
7196.0
8124.0
8243.0
4492.0
3446.0
4991.0
8360.0
5061.0
7616.0
6052.0
7836.0
4484.0
3751.0
3191.0
6167.0
13290.0
8114.0
12698.0
5629.0
3978.0
10635.0
6552.0
3017.0
6503.0
4066.0
7719.0
2681.0
6461.0
10848.0
11710.0
12806.0
4422.0
12152.0
2387.0
5930.0
10377.0
5617.0
6920.0
10334.0
10032.0
4118.0
10142.0
8937.0
9394.0
7699.0
4367.0
5557.0
8848.0
9838.0
13757.0
4256.0
5880.0
6021.0
9472.0
4409.0
2070.0
3897.0
9025.0
14728.0
15209.0
10569.0
4380.0
10658.0
14507.0
7496.0
1530.0
5024.0
7430.0
8747.0
1749.0
3538.0
8713.0
2116.0
7895.0
4764.0
7223.0
11621.0
8054.0
6514.0
8508.0
9177.0
2684.0
3182.0
7714.0
5090.0
3035.0
3221.0
6716.0
9758.0
3254.0
4730.0
6641.0
10608.0
9031.0
4577.0
5551.0
7232.0
1930.0
9203.0
4138.0
1101.0
4227.0
8450.0
5392.0
7071.0
8129.0
5844.0
5753.0
5344.0
4145.0
3070.0
10753.0
5650.0
8196.0
6610.0
1568.0
3852.0
1542.0
4461.0
4938.0
302.0
4758.0
5585.0
5713.0
8217.0
5534.0
6324.0
9304.0
4478.0
7244.0
7738.0
9351.0
11137.0
10404.0
10440.0
7683.0
6473.0
10189.0
6326.0
10230.0
4055.0
2000.0
8954.0
15008.0
3385.0
15265.0
7760.0
5581.0
9183.0
13173.0
2254.0
9434.0
2664.0
1431.0
6063.0
6624.0
2402.0
1158.0
3923.0
10962.0
9405.0
14839.0
10161.0
10596.0
10665.0
7537.0
6694.0
5318.0
1867.0
8055.0
2886.0
5178.0
7449.0
7953.0
3210.0
3854.0
3151.0
7585.0
9123.0
9723.0
12601.0
3572.0
5400.0
2258.0
7950.0
8344.0
4839.0
7341.0
7908.0
3129.0
8410.0
9032.0
12526.0
5568.0
2186.0
1336.0
5102.0
2125.0
5945.0
6540.0
3033.0
11965.0
9769.0
13352.0
5628.0
5093.0
8253.0
1586.0
2715.0
4848.0
5299.0
2316.0
2574.0
1798.0
9798.0
1264.0
4905.0
8886.0
11942.0
3839.0
3464.0
6890.0
9017.0
10213.0
14105.0
4646.0
12216.0
4354.0
7383.0
7591.0
8314.0
13385.0
2291.0
7969.0
997.0
1261.0
5997.0
6371.0
12429.0
7918.0
13439.0
9079.0
11780.0
5819.0
5988.0
3582.0
10799.0
3192.0
11224.0
14326.0
4599.0
6365.0
5240.0
5902.0
2567.0
7039.0
2766.0
6905.0
3707.0
7103.0
8104.0
5499.0
3586.0
3704.0
12015.0
2376.0
2655.0
6109.0
1433.0
5152.0
8734.0
4218.0
5830.0
6180.0
9516.0
7542.0
8532.0
2037.0
4229.0
8746.0
8674.0
5841.0
7053.0
11132.0
12016.0
4665.0
9613.0
3966.0
4451.0
8108.0
9172.0
12618.0
6466.0
3938.0
10888.0
15425.0
4656.0
10938.0
3097.0
8554.0
11550.0
5456.0
3248.0
5635.0
5070.0
1838.0
6643.0
9290.0
7428.0
10924.0
12977.0
4249.0
7055.0
1957.0
11055.0
15851.0
3656.0
1183.0
10233.0
16035.0
1720.0
8333.0
12019.0
3178.0
4822.0
6033.0
9590.0
10775.0
4542.0
11230.0
4674.0
9864.0
11099.0
6740.0
2457.0
7589.0
9797.0
6993.0
10758.0
4686.0
9518.0
4146.0
8291.0
11028.0
9597.0
3849.0
4062.0
10887.0
15373.0
11186.0
15272.0
4509.0
11341.0
15789.0
4608.0
8265.0
11021.0
1989.0
4890.0
7517.0
2381.0
7089.0
3234.0
9122.0
2146.0
1564.0
8612.0
6381.0
1726.0
7743.0
8442.0
4045.0
7581.0
9252.0
4933.0
7987.0
9469.0
12819.0
3709.0
9219.0
11733.0
6788.0
7943.0
10800.0
13701.0
4160.0
13215.0
5484.0
2301.0
11092.0
8845.0
3382.0
7869.0
8397.0
8040
14041
119P
798
1711
3083
6205
1612
2680
486
8536
14832
3352
5788
1636
623
8659
14251
965
3450
6386
1675
597
9071
13944
3703
7297
1702
604
1977
4509
99
137
462
776
1766
34
402
859
272
459
2574
5700
1030
2329
655
5082
9433
490
2215
4377
1445
4347
7542
50P
431
793
1818
4111
1149
1630
495
3504
5690
64P
334
1291
2168
877
1127
503
622
5645
12456
571
2178
5447
1312
2233
522
611P
6516
11078
756
2442
6011
1463
2717
698
7160
12989
2921
7080
1585
3205
670
7337
13209
838
3005
1671
3331
687
8636
14740
924
3712
2037
3738
9374
15576
994
3759
2058
954
2082
4550
54
180
1327
2727
29
564
1025
3P
285
567
1283
4960
1419
2444
663
320
1687
3924
123
165
705
7P
1092
2363
42
1266
484
1176
5578
9329
511
2932
6048
1981
2578
650
159P
2896
5089
61
236
794
15P
1203
3061
35
577
799
8P
132
355
3
63
313
1
6
26
37
122
21
105
1P
15
77
1885
4239
192
1123
2772
942
922
611
296
1058
10
24
175
100
219
4
58
101
572
2219
83
78
436
1319
22P
410
657
190
745
2518
5939
45P
262
1369
2822
1314
1425
751
1290
2689
150
1173
2924
797
309
469
150P
4856
8834
457
2818
4480
1642
2228
829
998
3511
30
529
6P
477
250
945
2
135
432
1294
4572
647
2413
392
1116
203
691
3686
7641
448
2142
3904
1430
1370
757
238P
3348
6574
94
378
868
1905
4016
1034
2275
635
1160
10859
15877
1253
4532
2628
630P
1366P
8198
14762
861
3174
7199
1655
2857
530
262P
2563
5361
70
185
1121
2842
5P
726
1394
397
863
3360
6735
145P
303
1625
3388
1167
1930
925
1040P
5066
9857
251P
493
2322
5309
1307
1956
574
1105
7980
13483
906
3773
6505
2209
3482
848
1279P
6477
13416
707
2804
6285
1427
2476
616
418P
4390
6971
100P
561
1081
2674
1720
2587
741
529P
1886
3932
134
242
901
1239
753
1065
333
3103
4797
419
1483
1896
4174
1060
2364
539
948
3332
5831
60
16P
331
10P
1258
3108
19
665
964
74
330
93
465
12
62
65
197
39
115
2P
107
864
7
147
324
11
80
124
69
176
468
1676
46
120
295
1156
152
32
4P
802
2287
96
525
1288
348
565
174
460
2569
5946
76P
286
706
1631
3710
1298
1045
482
1100
314
989
89
247
866
36
207
558
145
437
48
40
344
1482
275
615
255
1221
4125
56P
113
780
606
2481
310
785
108
1008
7047
87P
1346
1667
4530
1364
2176
660
670P
6122
9677
662
1727
3228
6188
2125
2605
1020
579P
6885
13164
204P
2788
5745
1367
380
1129
2803
444
1237
41
271
466
191
517
3324
6844
128
1502
4029
881
1617
407
231P
4927
12397
2003
4879
1154
2272
475
349P
8596
14436
3637
7416
2199
3373
1056
765P
3609
7615
345
1651
3670
29P
1079
1387
590
4302
8204
1788
3988
1095
1949
638
7082
11534
694
3442
6658
1992
2909
928
671P
8577
14526
927
4022
7380
2298
3458
1062
9293
17307
1091
4458
7259
2552
301P
77P
976P
16478
18448
2129
3362
6090
6054
2607
1745
646P
5904
9903
3087
4124
1819
1828
871
516P
7428
12786
826
3669
5532
2185
2085
1166
956P
3425
6988
182P
960
3714
1015
893
3747
7807
206P
418
2226
4324
1189
1422
666
1029
9274
15264
1017
4050
7188
2295
3025
1145
4662
8707
75P
440
1197
1812
3708
59P
892
263
602
5542
10364
244P
538
2249
4514
1831
343
1191
283
980
20
72
119
332
8
33
221
422
1543
258
703
139
186
229
4868
8478
43P
2488
4983
2014
2384
930
884
1295
3443
91
598
1723
178
1784
4253
14P
832
1846
625
728
299
932
2443
11P
211
1061
31
60P
353
510
166
582
1396
3767
653
1683
38P
491
889
372
688
8892
16567
4344
2533
3647
91P
3491
8060
300
1940
4268
1355
4959
9731
2410
5175
1532
2220
907
2201
6033
155
1135
2466
999
1923
4590
9332
406
2506
4941
1522
2179
762
5300
9873
2648
5402
2461
1024
1325
3594
104
97
649
739
2277
721
1623
2186
6169
168
754
2855
51P
453
268
2745
7989
137P
287
1220
4229
710
1339
339
997
5014
9545
494
2352
4910
1578
2184
1133
5987
10947
2768
5751
1737
2697
446P
6694
12864
632
2931
7203
1787
2834
809
535P
8083
13802
3431
7331
2101
903
9036
16000
3744
2312
3434
1013
6405
12443
639
2974
6127
1991
3416
843
401P
7458
12915
727
3340
7005
2134
2395
799P
6141
12481
841
3476
6389
2227
3363
1057
277
5294
11356
2786
5495
1887
981
943P
1601
368
699
232
142
5196
10191
509
2225
3854
1401
1996
736
6052
9656
568
2336
3143
54P
1214
1659
613
1586
14
44
521
28
208
241
84
225
1775
3288
116
777
1451
17P
563
366
281
607
4242
7819
438
2283
3022
1770
1945
778
2733
233
1789
1912
1535
2126
905
6213
11047
697
2978
5477
1929
2520
743
102
472
1656
389
238
3313
6817
41P
1247
2962
44P
840
1441
390
885
10874
17073
1267
2156
4366
2619
123P
58P
1260P
2998
6139
126
273
1165
1268
3389
825
1102
461
904
5709
10921
626
1536
2753
5363
1366
2652
588
1076
14198
179P
787
1650
2987
7015
2597
685
690P
3422
7516
131
357
1717
3808
20P
1608
600
5768
10598
3322
5822
2212
2874
977
801P
3129
6750
195P
1550
3819
1109
1458
555
7261
13354
755
3869
6396
2382
1204
1025P
4342
8869
62P
430
1436
4431
67P
1922
245
452
216
919
5
25
133
9
88
184
45
231
7757
13427
822
3783
6749
2397
3076
1083
1101P
2373
5722
86
336
1584
3548
1629
2159
683
1199
971
64
92
556
1684
57P
362
541
5043
10112
502
1541
2659
5912
1823
2115
986
422P
985
2887
153
583
2006
66P
585
346
609
2012
6029
157
898
886
3187
49P
1331
342
61P
4588
10695
3131
6616
2166
3329
924P
3278
6314
83P
335
1471
3356
735
473
900
3343
7882
1442
3589
935
6702
8367
663.1
1111
3319
5231
2160
1497
1115
793P
8712
13695
952
2055
4176
6703
2332
2731
89P
954P
3158
5988
126P
291
890
1581
2938
1324
1107
4534
7616
111
412
920
1607
3041
36P
872
1128
222
188
690
17
57
248
151
722
2074
1064
257
3534
7509
441
1848
1496
4238
1800
2325
730
379P
2527
5839
252
1304
2694
1021
2224
700
220P
1924
4677
154
167
496
520
1122
253
1012
4828
7956
4569
1488
738
1192
6137
12924
253P
616.1
2391
5324
1712
2704
4010
7426
2715
5463
2123
6150
12270
719
3182
6061
2273
855
6797
11901
193P
2872
6325
1632
2846
408
103
1685
1032
226
3098
7035
63P
264
1628
4279
72P
1055
1931
375
7462
14137
3842
7531
2436
2626
1146
4321
10143
2253
5525
1285
2002
8804
15226
212P
939
3611
7197
2065
2949
929
783P
9125
14913
934
3333
6638
1700
2890
2447
5872
196
547
2475
46P
612
434
5592
11038
68P
573
5172
1335
2195
579
6784
14440
654
2681
6976
1648
2886
681
613P
10529
17708
1118
4028
2490
3254
1112
2285
4673
270
1360
3954
1570
1985
14850
18028
2131
6131
7163
2546
2912
914P
6671
9982
648
1780
3336
5688
2038
2785
721P
4059
7988
222P
384
1186
1990
4716
1566
1183
9376
15909
961
4203
7240
3729
4827
9362
1311
18P
4938
78P
1048
1891
1386
109.1
195
729
292
68
302
1796
4274
87
98
601
720
2376
40P
514
911
218
659
3109
47
38
284
1646
43
391
636
199
3776
7726
450
2135
5276
1701
2306
760
510P
8546
16141
3959
7505
3232
1031
7395
14356
784
3545
6081
1728
3133
1130
2579
6602
202
944
1067
4285
1674
329
1074
5797
11774
596
1640
2809
5892
1867
2679
114P
6805
14425
717
3613
7465
3366
917
7334
11369
732
3591
2213
3198
1098
1102P
4956
8877
2493
5814
1477
2801
746
837P
10844
18430
1137
4481
2582
637P
1163
10101
17514
4495
2509
642P
82P
7745
12278
3085
5886
1760
2407
270P
7959
14415
196P
767
3011
6233
1557
2712
2713
5657
209
1005
2089
499
852
365
839
5524
10612
239P
505
1313
1958
5036
79P
2342
533
4812
8651
80P
464
1073
1614
4060
1077
1916
527
936
7913
12991
796
3726
5930
2097
3593
1016
870P
10822
16636
4073
2440
3179
1026
825P
7583
1465
3618
1359
2340
671
868P
12927
176P
1654
2367
6071
1351
2741
570
316P
10735
18456
1119
3993
6385
2456
395P
1086
930P
9610
18827
1847
3600
7397
2296
308P
914
777P
10259
19494
1043
2124
3906
2459
342P
969
1217P
7852
15019
7023
3479
854
416P
7611
14098
3251
6696
2426
955
8348
15193
3191
7312
2954
513
1170
1939
4418
53
645
1003
2907
9P
709
433
878
4474
8843
74P
470
1329
2218
5232
1200
2347
614
309P
2725
5262
249
1280
3986
1002
488
6109
13276
618
2737
6935
3115
904P
7403
14318
765
2884
7251
1729
2775
531
9550
16619
3931
2216
3132
1126
20071
20239
2415
6965
2905
1041P
1135P
10625
13408
1138
4042
6614
2279
366P
1210
1258P
10411
14730
1046
2349
4410
7433
2468
472P
9342
15893
1071
1883
4117
7530
2495
3743
1099
1057P
10337
17354
1205
2378
4441
2566
1195
5864
11600
661
1627
2710
5630
2794
808
224P
6414
11832
102P
1694
2477
6024
1276
1141
7301
12913
733
2865
6307
1333
3396
512
367
1089
214
569
970
2929
90
449
32P
293
1426
254
2691
6566
136
265
1175
3753
1521
337
676
3318
6744
24P
4498
2242
5572
125
856
3058
1485
642
6794
13434
3377
6019
1971
1060P
9405
16030
1227
4220
2544
1070
8788
14555
987
4030
6958
2196
1088
1362P
4250
792
2773
628
1388
504
4066
10634
395.1
1672
5347
2405
446
304P
4632
11009
478
1970
5052
2703
584
7500
13657
1794
3289
7045
2133
3014
1042
845P
8937
15912
1943
3656
2103
3542
1069
1064P
9378
18451
1035
2180
3853
6584
2381
329P
1038P
10275
18626
4062
2480
580P
10108
17987
1211
2167
4381
6969
2577
3645
35P
1183P
10628
17378
4434
2602
1117
7651
12740
1861
3662
6350
2265
3271
1028
838P
5163
10122
1473
2334
5225
1356
1813
6685
11938
1761
2983
5878
1937
2231
326P
5844
11564
152P
584.1
1692
2300
5537
1178
2345
304
1038
200
288
815
424
117
492
1597
4240
66
246P
383
744
2255
1059
851
1947
4504
129
127
693
844
2764
559
1132
321
1001
4914
10295
2409
5674
1911
2941
727P
1063
404
1740
39P
497
803
349
801
3156
9024
118P
4854
1866
1049
4653
8470
591
1903
3730
1229
497P
7512
11750
3203
1798
2701
9006
15799
3578
6629
1855
2858
790
962P
3668
7288
76
360
858
3463
910
1951
285P
6394
11103
3093
5484
2505
708
4762
6925
454
2153
5067
1569
8133
15106
972
1948
3481
6514
1583
3113
714P
10280
16128
6790
1921
2646
387P
4326
7508
526
1756
3685
1934
1022
7004
11156
869
2926
4971
1600
2324
722P
8309
14465
984
3260
6077
1768
2889
821P
10246
15275
1041
1869
3791
5737
2100
9791
15421
1023
1808
3652
4069
1987
2539
686
3367
5557
713
1317
2072
467
6628
9630
257P
2451
4425.1
1731
1639
742
7962
13492
1831.1
3243
5279
1895
2198
747
10803
16680
1165.1
4189
2344
3032
988
996P
10559
17519
1120
3859
2051
2888
590P
5146
10128
111P
617
2260
5103
2433
725
8028
13333
3478
6135
1870
2816
701
686P
11286
19184
1171
2467
4477
2521
210P
1269P
9020
16212
1047
3736
7324
1909
3300
723
4315
7417
377
1833
3702
1036
2244
669
141P
7256
11397
879
3202
5735
1827
761
555P
8777
15064
3521
6416
1925
2980
836P
8116
831
9361
7450
4585
6591
7328
7385
8643
3717
9788
3926
5626
3012
3536
11223
2638
1387P
8251
2564
5137
6177
3239
7137
8598
3612
371
4338
7133
2110
8664
2554
17635
1343
101P
2207
9561
8097
3477
5200
6062
10564
2999
11192
17178
1273
4462
121P
1274
5719
7093
3029
3338
3903
2398
973
2665
2035
6166
4682
8199
774
6158
6874
12409
14247
1704
5599
10682
15664
9563
8852
2622
5808
2895
6887
3629
7352
3614
10936
2610
10371
865
1967
4817
850
10880
6400
2371
10869
9637
19213
993
19605
1052
7934
1689
6120
20929
7049
10672
1244
10423
4423
1124
4120
1114
4465
2585
5914
11610
6448
11885
2711
1510
4349
991
4075
7590
9104
1097
9389
2205
3855
10376
18668
4064
10179
1215
4384
10745
7781
5166
5868
1974
4923
3204
967
3222
1834
9173
3601
8134
1757
1190
7013
902
2930
14749
3296
10341
3806
1746
8026
10834
4202
10732
18043
3907
6393
1890
11348
2601
115P
9216
8822
15139
4592
3508
8816
1688
3727
11253
3539
6537
3111
3224
3346
4957
7178
18002
3430
3805
5551
1352
5428
5020
8336
9082
7589
5424
6100
6290
3000
5728
7146
2036
162
1953
4839
7473
9094
9142
5601
6838
10723
2497
4862
1198
7463
2633
7017
2719
7916
10915
6440
4014
3927
9587
21021
2525
9353
10544
3375
2257
4093
7683
9392
10289
10749
7790
5189
5893
4935
3209
4661
9301
8153
10288
4367
8349
3809
9832
5180
11385
9286
8854
8138
835
3095
8605
8731
1986
4651
480
1182
5675
1345
7419
4594
3185
6550
1927
6242
7153
2821
8665
2640
9335
4909
2004
6725
16022
6417
1892
11230
2664
5733
7196
6065
3155
13703
5080
4751
812
8761
4185
4866
6221
6196
779
1461
9161
6811
9578
16561
7474
5956
7353
2282
7363
4968
10981
7747
1862
4844
4134
6463
18642
19237
10302
19650
3258
9655
16774
10772
2408
4425
9355
5958
6451
3293
3856
2588
10759
4445
7806
4689
7515
9313
1096
4405
1797
8378
10387
9839
3468
11406
8951
8296
8709
15617
9604
2031
5446
539.1
4820
3619
1354
7507
9446
14841
947
9825
17319
11303
4597
647P
8325
2580
5176
9929
8123
2828
4403
1899
3233
3351
2690
3226
6322
7374
1405
3449
6859
4986
9005
3731
4388
14542
9588
2651
880
3461
7233
2317
9666
4813
5621
542
2252
4990
1378
8904
3682
4967
2238
6391
4712
5587
2240
5054
8389
9276
6495
3056
1993
7788
3384
3603
5693
6147
580
1868
6357
1946
1260
11392
18387
1275
4470
2677
3030
6283
282
5795
2767
7287
608
6103
11740
633
3253
7396
13639
4485
7796
2379
5119
4760
3563
6798
1582
4565
1690
9127
6421
12418
7306
820
1520
3295
7740
14452
3886
9581
15411
958
3632
9203
2523
7169
10752
1136
4054
6908
4121
9808
4217
5063
9525
1824
3829
2162
8862
7715
2714
6115
2923
992
7372
943
3750
7407
4976
9247
11030
10688
7800
12781
3153
7973
2770
5634
1236
4996
9084
8039
11102
16718
1212
6555
656
11132
2570
9927
19358
996
10601
19879
3978
814
7922
3283
2620
8515
4778
2984
2738
9904
16932
10863
14907
1265
4099
2465
4456
9585
17167
1147
2018
4123
2504
4486
6086
11718
810
6552
748
2483
2308
234
7267
3412
9746
16346
4391
4154
429
4655
481
7803
14252
857
9401
3683
9615
19012
1053
2319
10549
19044
1249
10639
18081
2627
1229P
7876
5254
578
2343
6931
6144
619
1661
4995
2419
1955
4903
7648
3255
9465
3605
3794
6548
1741
10324
3802
6861
4501
7990
7068
11228
3068
8615
6255
817
10555
15776
3828
9895
3494
6710
11090
1218
4241
10865
18260
5236
8259
14744
3626
11828
4542
3741
4395
7437
7452
11433
6121
9121
9269
14844
10804
3616
17190
1193
3643
1914
2088
6517
6028
4915
8787
1829
3691
6183
12699
8332
15293
8145
3072
766
10659
1172
11646
17900
3999
1330
1739
3952
501
5640
5464
1208
2606
1434
4869
4736
4020
2358
3501
1910
12267
19319
1444
4743
2722
1401P
9388
14897
941
2693
213
1140
5366
2392
1326
9139
979
4017
7222
749
2915
1443
2771
267.1
1242
3429
5854
2849
1222
435
1752
1372
6549
6542
7971
13838
2894
3635
12510
2027
2547
9795
15975
3822
398
4440
8592
8104
828
3509
10278
11021
4701
19024
6312
8312
3516
7275
1743
1093
4713
1415
10645
1202
4955
463
908
6124
5310
1417
4544
3785
382
2019
4309
5177
9944
6468
5940
5423
1385
2259
921
3154
350
5454
6833
7250
3026
1897
8696
3803
7112
8497
1019
2155
7344
13405
5780
5923
629
1603
593
1714
6998
3035
2080
298
12522
19143
1470
4666
2735
175P
3110
6538
1279
7783
15014
1730
3125
7116
3497
1084
6292
11887
3399
2341
6923
7418
3965
2438
4681
9158
217
8007
2463
5188
516
2696
6002
2108
181
576
5055
11273
637
7028
10190
3391
10982
4398
3308
1594
47P
3650
1560
1854
2032
4934
846
48P
534
5112
2132
1513
6618
2418
13557
8122
14026
1548
3299
9291
7529
4476
2263
1350
10497
3843
10163
1750
2617
5995
11371
2194
7872
2783
12148
19843
4260
17756
19658
6985
7566
3358
2096
8140
1240
10541
1271
4642
2650
5261
10384
515
1856
10314
18037
2311
8439
14418
3579
2067
2748
6615
6607
679
8907
15160
4183
8365
3894
5235
2524
1850
12660
4731
12361
1403
4700
8743
8895
15724
888
3033
2856
251
5873
11247
2013
1241
5106
9144
8484
14991
1014
3937
12048
17578
4368
4000
373
1491
6740
13273
2420
1380
12125
4278
10636
20194
2425
3782
2424
11443
21528
2611
4097
2608
895
3013
1904
8692
15368
9826
3350
2049
1010
5057
8920
356
1037
8043
2994
1773
11546
17095
1245
4070
22641
2732
7540
11947
15663
4536
1313P
12094
4615
2486
10448
18113
1342
4421
1389P
4523
2716
12066
2757
6984
12423
768
1779
8004
27
3880
1613
3620
386
7729
938
11363
9973
15473
1413P
1503
10950
1545
1680
4886
1230
8169
2197
9757
17199
3745
1169
10212
20406
1390
3887
11454
20787
1424
4179
11691
19572
1414
2736
12420
19954
4650
2729
3971
5697
10199
1457
7685
12336
6487
11904
2028
171
5284
10669
2091
1085
3417
305
1358
8796
1972
1261
8424
13371
975
9835
17028
1975
3865
144
1662
7048
11296
9096
750
1716
9473
15644
11394
17173
1262
3969
4656
8091
540
1876
7925
13678
9885
3467
11424
16627
1213
4048
11814
1254
2029
3551
1318
6966
9179
12057
19786
1341
4266
2365
12391
18454
4037
2090
5536
11262
2507
8916
1000
2154
3689
2041
12931
21284
1400
2945
4620
2624
10404
7278
7714
3231
1050
1984
14366
2655
3598
1864
2229
9751
15881
242P
1549
4157
7347
1652
2981
10004
4211
7536
1501
3177
10436
17221
4283
7835
3274
818
3935
731
16
1695
50
610
599
737
2278
5028
2759
401
5624
9092
770
2335
1383
4649
8967
2045
4182
131P
6384
37P
498
1454
2959
1428
5992
13082
2370
2853
6164
1599
2487
7115
14431
2937
6952
956
7689
16247
3151
1707
7646
15955
3160
7286
9385
15686
3624
4340
7617
2635
250P
10233
15718
1860
3933
4539
492P
2070
552
2911
528
1511
198
1744
5130
148
3305
13P
506
1605
6258
85P
859P
3267
7680
684
1725
93P
1602
244
18
71
13
4680
1090
937
3186
715
73
240
718
193
2469
5948
712
1762
2150
5501
1783
1101
3168
548
1361
1148
3762
923
1944
5209
8897
1835
3053
6156
1715
957
290P
923P
1110
226P
289
1302
842
1571
4663
340
2516
4213
8579
178P
2988
2305
5461
1531
2421
367P
3574
8056
33P
4343
1399
11604
18050
4055
4947
8081
2780
549P
9107
16229
3823
1954
454P
5210
225P
385
3285
7161
451
1577
4316
5244
192P
915
1553
2503
5846
2087
7631
12499
3983
7362
2355
306P
7091
14861
1179
2958
3216
7271
836
531P
4190
7888
154P
164P
2441
2630
6217
1644
1719
887
2109
141
532
3558
1641
358
6754
52P
1906
4282
1315
3653
627
235
189
931
156
704
51
55
550
1412
118
354
1382
59
2386
177
587
1810
1297
3526
169
2892
554
4435
4767
1113
2210
3938
9287
827
3470
2369
4622
1539
664
643P
307
164
624
121
1263
312
239
1435
153P
1340
425
3292
2502
2010
1270
11568
2918
6226
1936
157P
912P
7309
13834
228P
1332
3269
483
1194
52
1409
773
3114
7147
834
1507
456
5497
12208
6067
1231
53P
8473
15431
1552
3885
7406
2204
3240
302P
748P
3940
7889
2084
4369
86P
1669
860
4265
9767
4821
791
12764
1306
2535
6882
2182
2239
370P
8932
14278
1790
3832
2339
2851
461P
753P
10358
18150
2062
3646
8222
2754
3408
574P
1124P
15569
15610
2705
5558
7284
2916
1111P
10557
1349
3464
6577
2388
260P
7342
12219
1748
3857
6465
2247
2636
800P
3642
8226
139P
1562
4386
1357
9454
2583
4874
1453
1785
804
9694
16788
2025
3967
4790
8295
2695
209P
638P
1201P
5273
10679
233P
2351
2241
1153
370
537
6001
11665
2792
5935
1391
2136
411
149
205
172
106
489
5144
112P
1143
3119
2850
5600
2191
2573
361P
1479
3137
256
374
413
206
327
1845
805
1072
130
399
1469
3673
806
49
243
9197
16279
2046
4063
8566
2668
380P
652P
1207P
9028
1336
2169
4507
1493
912
978
10105
1228
2362
5378
2600
5520
186P
1180
1478
3531
4892
10856
3100
2614
5549
489P
11404
5961
1966
190P
3215
208P
2059
34P
458
2446
229P
1225
1158
9680
124P
1758
5073
764
5396
11100
1933
2776
4981
1596
2294
913
6483
12677
1529
3249
6802
1988
2661
241P
7072
13982
3433
2022
867
8456
17678
3882
7626
3369
419P
8980
17883
4317
7762
3316
515P
6977
12933
1590
3610
6930
479P
852P
8168
14212
1705
3748
3893
7442
2385
520P
13151
1742
4092
7673
2688
551P
887P
5580
12143
5431
252P
1565
143
279
294
6939
9297
5251
2284
1431
331P
5319
9030
949
2609
5077
1668
775
6377
11056
97P
2740
4399
90P
267
228
261
201
1837
3868
359
28P
891
1777
237
4273
8856
5199
1556
92P
2898
3881
2165
1841
6773
12064
207P
1353
3051
5305
1857
876
183
443
3844
8306
3878
1803
6954
3617
11478
16666
3839
4809
8572
2692
598P
856P
9147
14974
1490
4291
7476
3248
73P
9846
17689
1682
4067
7283
2639
819
2760
5651
117P
445
1181
56
1574
680
5498
10569
161P
1879
5550
1534
621
423P
11081
18205
1893
4683
8132
3379
426P
7218
14383
1206
3447
7349
644P
3784
7602
160
1724
4262
6399
11609
3234
6747
2739
1032P
3453
7924
1670
4593
1255
918
8472
13398
1587
4024
8020
2594
1085P
4745
10245
23P
94P
308
415
677
85
8601
15526
3498
4327
452P
1173P
5389
79
1889
5371
1830
374P
978P
800
27P
2047
962
204
10462
6018
1919
2496
214P
744P
212
644
2021
2353
5993
249P
1500
1152
3836
3553
12717
3169
6846
1524
877P
3533
7232
692
1546
3075
381
3017
3448
6237
187P
1736
3572
4389
2297
708P
8391
11355
217P
2043
327P
940P
3499
8183
194P
1161
1782
3638
1476
5042
10443
65P
2145
1660
323
595
23
182
3790
2077
4215
299P
1589
4007
1658
1561
4036
946
2146
26P
1006
2877
12P
5289
10379
197P
4139
1579
811
6912
11474
3291
5663
2076
169P
482P
9778
1838
1248
702
13493
6906
2001
2613
594P
7826
14694
2796
7123
1806
1398
2871
1392
6157
3892
2214
821
8363
15021
3183
2380
3327
554P
899P
4796
11399
84P
6270
2684
405P
9939
16262
1558
4109
2271
3054
148P
763P
16973
3092
3976
7296
1995
3052
689
108P
5521
772
3037
696
862
5615
135P
2104
4674
1512
2406
789
460P
7700
15183
1292
7281
3028
493P
11383
18336
3627
8051
2531
3236
473P
2187
5882
1196
501P
15205
16565
2645
3749
6911
109P
863P
6776
10894
2572
6987
2034
2683
352P
4135
4766
10499
15416
2056
4741
3357
505P
11593
188P
1054
2455
5785
421
1269
67
1811
4323
1223
280
1234
3170
1801
426
8281
853
2161
5372
2245
778P
9148
16267
3793
7860
30P
1065P
16058
4112
8090
2807
2979
171P
1402
4184
6114
12489
1305
2966
6819
1853
167P
599P
6012
14287
1450
8049
3275
633P
7315
13315
1495
3577
7308
2114
2698
230P
1076P
5268
10940
2827
882
667P
11838
17270
2094
4257
4962
8724
577P
645P
11536
17239
4900
8423
14080
3439
7198
2039
897
578P
8465
15044
254P
3561
7144
2784
586
845
2762
2634
69P
297
646
11500
1515
4739
2102
294P
4351
9167
99P
1235
4107
7603
1420
3739
7002
2314
2906
11288
17899
4714
8422
392P
1079P
3679
7226
4261
652
6752
13959
1134
2883
6875
1588
2946
382P
10739
17701
1807
3735
8079
2412
3264
1140P
10581
19465
1820
3925
4254
8240
2350
390P
764P
11169
19357
3858
4564
8477
2590
508P
414P
1088P
8994
16543
3758
7855
8084
13804
3864
7200
2824
8575
16482
1527
2819
3746
7464
1765
2686
3023
1530
549
4699
9131
2157
2301
668
424P
2752
1377
3666
439
462P
6765
14669
3097
6879
1713
491P
9972
16530
4464
3101
363P
829P
17443
18026
2876
5871
8429
844P
720P
1104P
11073
16016
2033
4723
2750
3394
619P
16685
8058
2723
189P
474P
17189
3722
4433
8096
3044
464P
928P
11484
18426
8547
509P
143P
6329
12695
158P
3027
6849
2414
896
463P
13595
236P
2860
3040
6563
2615
14757
1484
3335
7449
1913
1413
1155
2920
535
1547
170
3631
833
3372
7974
1610
4128
2147
5421
103P
479
795
6546
144P
3229
6327
2976
191P
11097
17889
4571
8228
634P
9364
16769
1851
3930
4459
7494
340P
467P
4065
476
2586
1381
485
714
4686
11809
2193
6025
1287
2568
381P
5442
12501
2618
6571
391P
7908
13903
7122
2170
3090
9232
16598
4204
7969
2471
3112
385P
10071
18980
1840
4422
8188
383P
1039P
11099
19583
1932
4610
8683
575P
442P
1081P
11344
17164
1965
4052
4837
2687
420P
600P
950P
11736
18402
2073
4853
8203
3268
654P
7943
13137
3755
7601
2357
3136
544P
818P
4969
11155
5855
1528
2432
288P
6779
11922
1216
2596
3217
7262
1941
377P
6442
1159
2558
2806
6130
1264
269
3756
112
524
274
4819
317
603
1459
311
643
11542
165P
1131
2957
974
2707
161
474
1997
414
3761
9390
2069
5212
2411
500
953
5026
9506
2189
4867
1952
560P
5136
11305
874
5159
1376
7928
13748
3515
6332
746P
9211
15897
3301
4098
7695
2203
3230
3788
8318
1301
1637
3777
221P
7167
13562
1252
6404
2264
681P
10168
5433
1464
8702
14621
3845
7675
3152
695P
10958
16719
4419
6920
697P
4521
673
1250
2081
12561
1722
3118
5811
8836
14851
1620
388P
10408
17212
2790
4259
7187
2514
3105
741P
10597
14767
1804
2955
4300
7140
528P
4695
113P
133P
6539
10060
1572
5245
616P
8330
14530
116P
7319
894
543P
11408
18074
1844
4658
8027
2571
2873
174P
1013P
11684
18084
1852
3517
4545
7849
2449
3210
740P
9727
823
2066
5115
1251
498P
8507
13560
2878
3659
6337
2106
576P
11913
19511
8479
3381
1148P
9729
16519
3456
4144
2375
819P
4719
8468
7596
13186
1362
3472
6171
345P
9411
16173
3004
3980
7538
2403
128P
9202
1881
4304
7932
10389
8216
4438
3401
31P
4885
9069
589
6146
2903
6273
1664
769
7544
2990
7856
8159
1506
7828
3547
9526
17058
4453
2485
10971
4857
2669
5240
557
1375
5364
5710
7704
338
1162
6261
1040
2389
5547
807
4385
1418
12104
4188
5194
8923
2875
736P
678P
9314
4004
2553
5287
447
4358
5353
10630
959
5938
1559
8008
4146
7625
7243
15194
1282
3261
1877
849P
1397
1429
75
1323
3966
2423
316
1303
428
3321
2053
5928
11702
3252
7401
1404
3492
1540
2789
3147
7582
3734
5513
12274
6079
8491
4047
2377
384P
944P
8018
1075
4442
9775
2232
13400
1567
9235
15280
4370
10568
18377
5258
684P
15836
15926
2787
4021
10650
3621
6813
7475
12535
4091
7129
1968
1374
4469
4961
5123
8594
2829
5329
10956
5298
376
6083
11921
2217
3237
983
734
824
9236
16428
5223
8771
2845
717P
1253P
1246
291P
5944
1481
5734
2882
6387
3297
396
1863
543
11776
2811
5448
1638
7132
14391
2111
8637
2254
9078
8728
7077
13184
507P
8182
4081
2494
5895
13868
1152P
306
7313
3830
5539
2756
6530
11437
5224
566
837
3962
8894
266P
6774
12183
3193
8784
4218
3221
455
11979
3912
5169
9010
2793
602P
9231
16165
1645
7727
173P
17896
4258
7896
2798
5977
1184
5642
11349
18927
5007
518P
7318
870
3847
1959
4641
2236
8516
4379
8177
4753
5379
8930
16223
612P
2814
5716
5362
2970
6282
782
3796
3733
7936
1814
443P
1068
3816
9278
5024
5883
2708
1212P
3514
5085
10538
1044
4006
7607
2137
1709
2728
1606
6993
12426
1411
1467
7143
8107
1492
1935
1918
592
8813
15204
4248
8109
655P
1033P
4845
1624
10298
16492
4408
8009
213P
911P
10330
17046
4158
2075
5881
1108
12325
963
2621
7966
15595
1440
11666
18457
4803
8539
2761
2230
15583
17023
5806
1050P
2836
6872
1526
2063
4159
771
10768
2105
2649
572P
11777
2513
5998
950
1842
4636
9408
16903
4601
2642
689P
1326P
8236
4153
3016
551
6236
3235
1915
6706
691P
3804
1174P
5271
11960
2222
5263
9043
2879
841P
750P
11888
18987
2202
5230
8730
2870
760P
791P
14578
3716
7610
3045
8763
1509
3765
1726
2791
95
5647
11891
2368
9560
1880
4243
7817
13983
7060
3281
303P
11831
18361
2130
4898
8991
525P
1244P
3764
7351
14467
1243
6913
774P
11035
19104
1849
2629
607P
1170P
10836
19689
4525
2534
573P
199P
11416
19726
2015
4878
8947
3835
8176
2267
318P
8400
3934
2288
8695
7847
2927
1872
315
1004
4842
10138
2321
5387
6845
723P
10480
1898
8609
559P
18925
2917
8941
1320P
1143P
11180
761P
10900
5098
665P
10737
17791
4623
8406
2676
1225P
19389
822P
693P
6436
12882
3223
7095
569P
7024
14364
6588
7634
3503
290
2944
6561
1320
3644
70P
1815
416
3135
6675
1446
3528
11222
2192
4861
2848
734P
4972
657P
4747
11839
2286
6232
1344
5708
2603
14563
1153P
9548
566P
10476
19419
4644
2576
357P
11579
19780
2138
2751
776P
11674
17187
716P
12061
8958
751P
8164
13383
4178
7879
582P
5029
11360
2647
6856
12153
7371
2017
6490
12440
1224
2925
6367
2430
1310
3891
2623
11939
3034
6831
1964
3814
9633
1874
1051
518
5059
10002
2348
8160
13941
3661
2965
9464
1679
4168
7957
2291
840P
3860
14715
6785
4881
10986
6032
8839
7933
3250
867P
11453
17474
4543
4535
8757
4852
12769
5861
8917
16043
3821
2445
10515
4537
235P
804P
16068
4451
7594
1633
15015
7479
2248
11419
4787
8431
227P
11881
18523
8388
5025
10283
873
2557
8574
3820
12343
20092
4233
5102
8915
2861
1306P
9818
17405
2484
7831
13872
6587
9591
16443
2450
3339
9295
10618
12144
5243
9031
1767
5932
4088
1072P
10734
18803
15837
5711
9737
5360
9129
5093
3460
5682
6502
7096
5964
5467
12005
9057
2833
1289
7679
5382
3916
471P
9866
7094
3349
737P
1177P
4439
10498
1753
2536
11685
258P
5856
1310P
4165
5627
1343P
6263
6737
710P
5292
11906
5256
885P
794P
7728
2141
5653
10026
11842
4919
1392P
7687
7179
11049
617P
2540
11451
19741
8965
807P
8430
2922
7193
10684
8864
17444
6152
1443P
1388P
5203
2881
10761
4691
640P
876P
6453
2670
7109
6705
759P
4793
6762
568P
10588
4668
11744
19886
11698
2802
5195
5237
8170
1698
11481
17649
4587
4548
10554
8033
4472
11535
4824
11973
12345
5107
2473
10465
8179
9611
11045
5313
5385
575
3157
5726
3671
4710
9755
5374
674
9534
9192
811P
1423
7150
6046
4169
1875
9395
10017
7336
5434
5095
7108
8119
10531
16039
10985
7054
4118
5296
11988
2891
5325
1014P
808P
11883
11069
10877
8500
10703
6218
5227
10816
972P
7111
7744
3452
2299
9660
10624
11874
5129
8625
767P
5031
6526
1647
5299
3696
4018
5124
11699
4589
8948
95P
10979
8599
11683
4830
2724
12002
5213
9180
9884
3705
9437
1665
1901
5942
3649
6424
8112
11130
523
1238
203P
7845
12189
5328
9324
3303
8120
15198
4255
7269
7495
2805
3218
5573
1699
7539
1778
4371
2663
10832
826P
16077
7584
1858
6160
3549
9551
17027
2901
854P
4810
5869
2492
5564
2042
7170
14864
2289
18143
1938
6136
14040
1406
6891
3238
12175
19089
5205
9457
4276
2810
11378
5013
7360
2007
4449
650P
4764
9194
5500
3921
9957
158
427
508
7186
12794
6890
8142
3019
4331
10507
4230
2093
2672
8075
15873
11694
663P
16321
5743
4698
3535
8323
6276
12974
3242
12157
2250
5348
1077P
847P
8585
8859
1516
12050
634
4505
10450
8006
3768
7252
11261
715P
1240P
11037
19823
1979
2307
8524
4002
322
6900
14902
1950
18049
1686P
11401
11010
10841
12895
7206
14429
3567
9690
11858
1347
5776
8032
9614
4584
10637
4670
2654
20089
4875
12070
17350
2830
805P
12307
19683
832P
8233
649P
6959
12518
2666
1673
351
3060
10156
695
5430
8175
9634
16528
4305
4271
7258
1389
3462
5317
2439
8197
8957
2584
11019
2393
3513
6669
8660
11836
12130
12415
20266
8224
3713
2181
1764
4354
11238
15697
12492
12734
17709
4567
2251
3960
5250
6746
7652
13714
1338
8774
9476
9397
1769
12088
2011
13231
5156
2797
1233
2000
5976
3728
4704
1322
2048
4298
3720
1421
14732
5595
963P
10428
4155
2083
3651
7863
6204
10987
1592
9467
15707
8266
15829
1410
4463
2862
3380
8868
594
2188
798P
6278
11722
314P
8464
14597
1554
3404
6212
12810
2612
9878
15810
4237
400P
4328
752
4876
10984
8247
3875
12362
5393
3065
889P
16727
5973
6719
11844
2234
12891
4325
5418
11415
17511
2292
5833
11231
1080
2361
6668
5772
1622
10835
919P
4887
560
5489
6376
12393
3929
10056
7050
3424
8152
16075
1519
3532
2113
8754
2320
10587
18540
2734
7983
1781
2269
15530
7795
14260
4170
888P
5953
2140
3917
803P
5848
7388
2052
378P
3167
2815
7886
12683
1466
14620
20939
2330
5462
8922
11088
12045
18532
4294
6180
10778
6172
1598
14448
20634
5286
735P
8343
15357
8335
759
7041
2268
8068
682
1826
9562
1619
848P
10532
10193
17093
5875
2542
6763
12945
3678
3848
7600
3899
12762
3636
5727
10560
1573
5280
5554
1187
7929
1755
3423
7986
2478
9012
3487
3827
1448
3615
7965
2211
4444
10495
2050
5579
18267
4557
12184
4234
7946
6796
12783
816
8760
16605
1517
7820
14550
19373
5226
6545
1255P
17126
595P
4612
9373
11999
2290
5352
6072
11985
5999
4758
9952
10251
8782
2758
1396P
9021
2404
3276
6824
13132
3330
4429
8820
8379
2151
5397
14760
2394
5548
2952
1446P
866P
13928
2400
5519
892P
10023
15404
10662
16545
1686
3815
6041
12726
1033
2422
4865
4908
10617
1494
14299
20331
8166
13516
19858
4953
13084
20922
2164
256P
14111
21100
1147P
10817
10142
15765
2416
9713
4046
1976
5101
10147
2372
5403
3173
7159
15456
12809
2560
18548
2094P
13342
18437
5365
2989
12901
5432
3039
12763
18555
2143
2939
1393P
13900
20329
5569
2967
1360P
879P
7492
8208
14753
3241
6610
1634
9540
7636
3259
7937
3648
8476
5692
4001
13428
18148
4929
9174
2968
17290
4493
12006
2333
1379
6529
13435
7239
9700
15274
1754
4737
688P
12746
20322
445P
14575
21263
5099
2900
969P
14698
19844
4387
5391
2934
855P
14723
20904
5544
9136
8284
2656
809P
13620
3500
12748
2947
976
641
5552
12454
1994
372P
4143
10518
5845
10814
1284
5738
9330
15578
17529
4277
711
8523
1489
2030
5695
10293
4264
13782
19769
2040
4939
8873
13212
3529
2158
10249
13227
18848
2120
4761
8206
13585
4726
8117
5270
1663
3197
7289
2982
8971
15900
3948
14385
19385
9209
2839
283P
14300
20354
2304
4823
9016
5218
10519
8961
3977
14703
21078
2327
3007
12121
4561
9175
5157
1308
9130
11226
17979
3568
17412
3846
909
18954
1691
6812
2346
687P
11274
19513
4402
1075P
19556
4483
1367P
5005
259
5150
12517
10520
5064
7917
166P
7586
14501
659P
8533
15815
3583
7717
875P
8990
18052
1537
3664
8149
468P
933
9141
17604
3585
8005
614P
10824
1621
2977
4664
968P
12182
20283
4785
337P
395
5037
3699
4709
1321
3546
5764
5966
1126P
7597
3910
875
361
2832
420
916
215
5838
2200
553
3658
4654
9497
3099
6598
417P
1217
3290
1518
138P
183P
3766
1998
1749
20712
3974
5079
10277
18350
3607
265P
6741
3018
507
8604
545
3946
5644
12371
5911
16360
4414
8606
344P
16642
7996
356P
4436
9472
2356
6264
5065
405
3194
7142
966
453P
8280
352
159
109
1928
1738
698P
2820
260
3374
630
5197
4072
9163
2337
5742
230
536
82
319
4577
1226
3386
7585
5748
5470
11193
7919
16281
3337
1219
2700
1514
8102
151P
4232
13652
5858
1373
8883
17943
7802
2354
900P
4130
9867
4074
4443
10543
1103
1902
14810
466P
699P
8863
16452
3314
3214
313P
10363
18962
4870
2837
979P
1186P
16305
23675
2519
4631
6049
813P
6345
10978
2682
6506
2567
7595
12842
7774
916P
3936
1104
2399
2435
6651
10024
3873
8128
346P
1185P
5528
12176
140P
2390
5097
6381
14392
6231
2460
278
4936
9177
2057
2885
3176
1203P
4376
1973
5887
1009
2550
246
10003
17871
1771
3833
4774
8530
830P
1206P
2092
5390
3211
763
4773
10134
1011
6814
853P
81P
2258
3432
11246
7019
1616
13275
7097
788P
4171
136P
19P
1696
1551
8066
3905
4015
10583
5685
11789
6670
1591
14031
3162
7379
15600
3428
18720
2172
1327P
9469
19316
4357
8054
1355P
14406
1395
3069
3559
7221
2024
1089P
8403
15781
4113
7941
14982
319P
658P
1747
631
7086
11183
1449
6556
6371
9354
6782
10354
940
2541
2515
1615
307P
12290
4786
2795
2122
114
4930
8559
6738
3570
1575
5222
6634
1371
2971
7076
219P
7230
12976
6863
1865
3284
3213
1286
519
3510
3317
12790
20783
815P
9802
17238
3554
7606
3116
11051
19205
6758
503P
400
5859
12262
926
2464
5670
12407
20669
3890
4917
8835
450P
465P
16735
1296
3530
7839
603P
8983
620
4802
6596
11384
2951
2935
278P
864P
7461
373P
8669
16508
4288
7963
2538
953P
1137P
11657
201P
5613
2470
15484
3080
7624
872P
1116P
1174
5323
713P
1256
3409
2374
442
12635
2749
2843
7036
1007
210
2163
6992
42P
4122
11160
1207
7237
437P
1257
3102
2434
7031
3493
8218
1706
1969
7090
10710
9887
3302
6830
513P
3676
7696
3817
5458
11299
2256
4541
403
163
110
1438
3471
8918
4167
2854
4643
2528
2323
3426
1873
11644
1157
5349
336P
7238
14134
2402
6922
1792
970P
7208
4348
276P
7656
14269
3392
7510
2208
2023
8495
3354
7204
3073
269P
1416
786
7520
651
1989
544
9076
17144
1734
3837
4529
8386
935P
455P
5840
13920
6247
3623
18768
3592
639P
609P
11011
19325
21P
411P
6807
12214
5486
1505
2310
18104
1657
4297
786P
470P
4555
4843
1087
640
8440
16890
1316
7865
215P
729P
11963
20548
3781
4768
8837
824P
330P
14859
23113
1922P
6945
13580
3070
3435
7564
298P
4306
10177
5411
272P
10194
16557
1455
3874
1045P
323P
5931
12840
180P
2551
5704
2512
363
194
5884
10352
2825
6151
2637
537P
1172P
328
2841
301
2774
718P
17573
8583
3277
587P
985P
8887
16960
8290
444P
1226P
4633
9204
105P
1525
4937
6343
13686
2928
3078
7325
6423
9605
3760
7918
305P
2913
12607
21265
5081
8993
1757P
567P
12564
19520
5062
8927
1700P
15793
3672
7612
2099
3009
9510
17934
7460
393
6101
13014
2293
1462
2462
10539
830
8644
16056
7811
12250
20474
4894
9040
449P
1000P
4056
8275
122P
658
338P
7784
16420
3059
7249
11440
20458
3246
4678
8514
1068P
21513
1817
8797
1311P
894P
12408
22245
4850
1501P
279P
1015P
10453
20173
4026
8180
2171
910P
929P
8223
16875
3723
7055
9159
17282
7668
4933
10552
2190
5560
406P
7052
15243
18806
1732
4600
8779
2281
1133P
17747
29247
2593
6129
2339P
958P
11297
18153
4805
8385
1600P
606P
11006
17472
4940
8252
1288P
534P
18935
1816
4602
1479P
12203
20452
4998
1568P
591P
13922
712P
7620
14670
125P
7064
3107
8851
17638
3754
3606
7421
3263
3590
1878
7891
5108
6728
15433
3140
7833
2859
483P
10503
20134
4744
8720
1749P
10385
18874
3353
1548P
428P
5154
25P
3256
12987
847
2545
6209
451P
6520
13809
7658
8687
16996
3400
8064
685P
185P
1097P
9733
19046
8298
328P
11177
21252
1805
1334P
915P
12301
21291
1679P
934P
12279
20250
3871
4949
8929
1542P
12482
20753
5012
8963
1860P
8042
15894
3667
2261
865P
939P
11608
2274
2479
5662
6880
13966
3020
7425
797P
6648
14054
2662
2742
1487
81
140
4693
2548
5757
5202
12959
622P
731P
3315
1555
394
4132
10787
9382
4473
5272
10828
2116
4527
14640
2653
3543
6320
2009
184P
10849
19148
3897
8172
625P
660P
4011
8326
1666
3273
7537
13676
3437
6464
487P
5142
10873
4907
1393
9988
17647
3496
4164
738P
733P
12479
20906
8310
4835
8879
4057
8274
14377
10242
17499
4094
7844
365P
341P
11327
18952
4570
409P
11749
20636
4466
358P
6712
781
6586
110P
5441
951
9696
16941
3489
12804
19765
4893
9027
354P
937P
12909
21056
1963
8872
163P
664P
9488
5034
16570
3419
6630
739P
13279
22575
4104
2869
1539P
1021P
10975
18901
8490
2266
743P
9284
1504
1733
8469
10372
16278
4848
7730
1063P
486P
10641
18920
8481
2316
11060
18269
2270
12029
19197
4411
12487
2510
12584
20896
740
5440
8253
7846
15299
3159
8985
3586
2175
893P
9822
3742
2177
9761
4783
277P
12526
20678
4916
2118
2139
3475
6518
4859
10307
6852
245P
4078
2044
13359
22714
10647
19001
1643
4236
7994
2972
7119
3867
1703
6078
12797
5927
8878
17250
8735
2532
17552
3715
4528
3684
2706
2237
4173
2616
1735
259P
8408
16720
3485
8331
6557
13712
9461
18313
4280
7805
300P
4313
9961
4639
6119
7671
232P
9145
495P
10777
18982
4997
8449
1252P
16824
25476
6418
7672
6961
1460
10225
1718
2779
5660
12293
14462
2808
6471
10742
421P
1609
8821
745P
9455
4779
11514
5955
13781
788
2769
7130
14280
19348
9709
4482
1397P
7400
8529
6673
15633
7164
3718
2235
7172
5556
12892
3048
4965
3376
234P
3825
7457
8682
13395
21497
5257
1247P
10399
17905
4491
11432
20205
1793
4332
417
6045
12852
20999
2022P
8621
2005
8988
1920
1082
3001
3469
7555
1074P
610P
1301P
11878
9318
4552
1160P
1246P
990
5906
7329
220
678
4671
3387
3595
3466
480P
10467
15620
680P
3795
5530
11354
9112
1884
899
1542
6257
7830
88P
16750
1439
7746
3680
1942
8612
13974
3047
8950
127P
18858
4420
237P
782P
11470
19591
4148
7871
849
5877
5488
9289
19364
4675
8706
18699
1363
3525
769P
12547
4921
14927
7018
13746
3473
317P
4447
10235
16901
4518
6058
5894
3507
562
227
6916
9430
17718
4516
653P
1259P
8919
4115
1861P
1251P
1564
7227
4083
8549
13455
21476
2119
4206
13232
5187
2956
2160P
9271
3801
7751
9953
18370
6359
13078
2359
5351
10551
4068
8792
4293
8471
12846
553P
8113
16667
11898
4833
2565
523P
12337
23105
1832
4851
23637
1705P
10889
4163
8520
289P
16926
1962
9559
5686
7268
15573
3347
10485
1759
2338
17961
6271
11485
4989
2897
696P
11368
5094
2893
2167P
728P
11492
20187
1908
4706
12640
21060
5207
1990P
14108
15242
3247
3141
7921
2499
7907
541P
11144
20345
2229P
785P
10491
19700
4831
2143P
5510
5902
13586
883
6732
292P
1241P
9784
19416
3908
1909P
558P
11701
22127
1888
8319
1908P
12627
22897
2744
1939P
12724
5061
2157P
706P
1271P
12871
22203
5190
2265P
711P
8268
15896
8110
11933
5683
1468
7255
14454
6786
14233
3049
276
1039
13202
4270
5322
5668
1232
11194
19770
8459
709P
7851
3457
10244
18125
1486
4310
8395
13397
8398
3341
10553
12523
19620
1983
2529
240P
20872
13431
9912
17279
13316
22173
5140
13522
22630
4200
4977
8806
5238
9226
1563
13837
23558
5315
2115P
11673
4685
120P
10839
4901
11008
8582
4964
2127
8417
4289
605P
5096
3706
11499
6060
6498
5206
20887
9977
16758
11905
23671
9645
20246
2500
802P
8936
22492
2279P
8126
14505
6834
23593
5336
1345P
11077
5490
11870
5291
10722
3895
6181
2537
4575
4607
5635
11287
8457
9567
7677
9258
5001
6422
7741
6620
5161
4895
6006
2309
9725
7493
14964
8653
16500
7210
1106
8147
11007
149P
11475
6073
2644
12978
6695
12606
3812
16900
9348
4807
3538
5545
7998
8962
9490
6190
11014
11547
12626
7042
6116
5266
2366
13564
13235
9311
10027
12867
12463
23300
12814
23897
10930
9701
11565
21890
5220
14204
2522
15915
11584
20382
19960
5947
6799
8977
17792
9935
4603
11743
2678
12754
13182
22594
8291
2152
6027
5575
13510
5350
5791
3063
11345
10326
4448
13447
4911
8487
5952
4392
12618
12857
6864
10025
13470
399P
13624
11829
10904
11082
12396
21029
12483
4487
13161
22192
4667
5008
6606
12085
8741
1799
3602
10718
4156
12509
21401
3840
13875
24380
5260
3304
11108
3171
14534
25255
5516
2996
20733
4346
7279
9619
6660
9931
9114
18167
4625
9665
7985
8646
3015
5816
3175
1836
9380
16938
3725
4562
15010
10884
20546
4452
1232P
10468
1150
7901
15717
3707
9387
18017
17259
27472
1494P
6768
4193
4149
8603
2117
11294
18751
12800
5335
7029
2950
173
10461
5027
2840
9530
13143
6070
1348
6203
7377
3294
16013
9002
20029
10202
20280
2020P
7738
16411
8552
12534
11790
2867
7775
5413
2685
5408
7236
3902
7506
3587
8154
14635
11710
1926
14312
24135
5538
19984
7810
12601
4129
4604
2491
6567
12811
5826
14268
24862
5337
694P
1261P
9327
19107
6837
1209
1406P
5648
12559
9523
6105
13069
2823
5358
7361
5784
11418
7722
5740
11569
10571
6344
5800
12037
1185
8085
14636
2910
8711
15681
1447
9848
1499
3923
20952
8094
6921
3270
6827
1871
4549
21896
4460
379
6621
12521
1611
4794
9779
19425
3697
14216
24638
522P
15122
28586
1321P
7326
4724
1368
10486
1681
13465
5747
6308
2943
1452
9941
8928
9417
5002
6950
1272
7699
5608
13222
14911
24707
2301P
14804
21849
2201P
10397
3879
2223
10943
3913
5666
6933
13681
5047
11313
9421
14199
24361
5303
8826
17719
7303
1907
12680
23049
5104
8987
13181
25065
2561
14047
26162
2220P
11387
9702
10426
2068
5015
11573
8012
3440
12187
5006
19015
28872
6288
527P
1680P
13323
21126
11785
2064
5343
2314P
12412
21712
13537
25224
5357
2485P
7791
15176
8775
18136
9618
7904
1242P
3446
7926
1474
8375
8150
14495
21022
2973
20289
13877
6266
7431
18918
10656
12356
23990
1900
4800
2300P
13361
26211
2417P
13788
2374P
14537
23878
2444P
8954
16945
8299
5725
7832
14925
7545
15895
6883
2221
14176
3390
4502
12266
10572
5974
12665
20660
8544
15338
3522
5756
12001
1678
8415
14227
24053
5152
8942
9435
15441
1508
12351
22595
22682
5168
13843
23140
2086
3441
6899
7657
15271
1791
10743
20617
14513
24990
5515
1423P
14700
25309
5429
18056
14983
26294
4308
5612
3043
1398P
24256
4718
9959
9463
17334
3818
7405
11851
1540P
12605
23521
3757
4621
2489
11771
20164
18771
2262
20790
4628
7667
1472
12500
17139
4717
3584
5048
6789
11359
1164
4110
8494
6573
9322
16422
8144
19088
4012
7954
9963
17940
12271
18693
7466
12759
14070
4891
8399
3968
4591
10957
3418
7079
22
2107
1693
369
1710
4336
9590
1825
5086
2454
3036
4102
1066
13364
20984
3573
2730
3852
11224
17662
1649
3994
1309
3677
2866
6411
11025
2549
5616
16863
3188
4359
8675
8982
15190
2863
3562
7488
4684
10094
5794
2078
1201
6821
1839
266
326
6398
6565
156P
4931
10092
4227
2852
8700
1299
2562
5649
11244
1721
1018
8989
16081
1432
3407
1144
3599
1544
7009
13376
2766
10444
17813
1618
3127
1978
4659
5344
12031
4943
8351
15715
7053
9499
17273
11127
18822
8655
2675
17278
23651
2581
4162
3120
3970
13070
6644
14190
3665
6999
9014
5793
2098
11036
18558
3786
4517
7527
12628
2302
6995
14090
6300
138
5308
9527
1772
4951
423
10304
19571
4558
2657
3973
9190
605
4991
12090
5455
12419
6469
6179
12951
3207
1802
3002
2331
8805
4586
10784
5422
6380
12375
7211
15485
6667
16612
7581
3123
8739
18441
3876
2079
2517
9716
20022
8617
3505
8035
14690
7556
8716
15734
3770
6962
16506
7850
3444
783
8933
12011
5618
7674
10714
2914
3406
6074
11329
5494
7763
13159
4932
4082
2726
3541
7402
1576
13828
6551
7975
13277
6681
4574
2243
388
13065
16460
8968
9905
2765
4275
7698
3164
13747
22103
9032
11548
19626
1677
7890
3062
5221
6229
10994
12291
20312
3506
8750
16466
3557
12212
21469
4247
9053
172P
1437
6568
11801
7074
1278
4413
8614
1635
4216
5796
12220
5404
17533
6825
6206
12359
6197
325
7999
5173
12428
6524
2559
248P
7705
1957
7254
2940
3364
6444
1999
3306
10837
3427
4334
8356
3991
10175
982
2318
5040
7718
4721
1751
6692
10500
5192
7551
13521
3172
6382
3146
10266
5228
8248
14421
9919
16532
3778
3010
758
2969
7522
10297
2061
1277
10525
15355
6826
12133
2985
3488
1334
3326
11306
4252
12097
20968
8077
5749
318
19659
8850
1894
9208
17061
13141
21755
3556
3520
98P
16096
22752
3870
6716
719P
13326
4818
9756
5184
10945
18630
1843
4613
8708
3445
13090
5949
2437
11071
7103
4871
2556
1408
4780
11807
6410
2755
9635
17890
8550
8913
18509
3345
3955
8384
4106
4799
13571
2575
6647
7939
14469
8419
12284
13640
21951
2054
5070
20398
5058
9026
3915
10102
16632
6924
3089
19640
3050
3862
3042
5153
6815
5111
9719
10038
19149
7894
3393
20893
4958
8680
16310
12075
20323
4430
7660
2511
12824
21836
3566
4640
3634
13224
22124
2020
9135
2604
3580
11626
21690
8125
3681
17320
7184
10727
19076
7767
5255
10077
1433
19183
4009
8231
2360
1125
5982
3323
16018
6974
3181
11613
20128
3344
18173
24641
2595
6098
11929
15908
4884
11555
4417
3779
20291
12245
21556
9017
7793
13767
6085
8362
15588
6701
667
9794
17458
1795
4882
7867
5041
1094
6189
179
15820
3024
3320
11747
21161
1384
11582
19606
2121
4314
6504
2482
6112
1259
14324
6905
17448
7559
3334
1786
11307
21147
3608
12360
21756
4846
9170
12225
20751
8880
12847
9097
8578
15361
3641
7961
5611
11745
5687
7477
14005
3227
6497
7300
15079
170P
6446
5160
5836
11990
6626
3088
5483
3166
1821
3021
4692
11336
5018
2431
4928
8462
5535
4363
9616
19979
19165
7812
3490
7815
11994
5879
5214
9985
5480
11209
17615
8057
13417
20686
4729
8300
4450
7063
5744
8667
130P
1776
8729
12295
17888
12416
18613
2960
1407
13138
19497
4580
7953
11393
4769
71P
10368
17625
6981
13116
20606
1982
8354
13515
21646
4877
3465
4568
8676
15233
1498
3763
6351
13945
22479
2060
3922
5056
9200
1365
11876
18318
3402
4560
8270
13491
18044
8678
3195
13456
8015
1538
471
9279
13118
3552
5954
11207
17402
4647
8840
23276
5198
9198
6313
10810
11304
19300
3272
4142
3122
12425
13170
13459
2592
7141
6323
8551
3459
9745
10951
19294
4263
10604
12668
2429
13731
21645
3576
3138
5022
5145
5009
12003
18408
4374
3161
5959
6475
6486
11645
5828
10738
15259
3956
5546
2526
409
2778
5778
1882
4401
5786
6953
9412
7343
1151
7155
4038
4888
5416
2396
8461
15812
3711
7429
9921
8627
8841
17417
24098
4864
6000
7248
8503
4496
5936
11268
18802
4566
8645
6080
12666
1078
5583
7014
3074
5439
10439
5717
6321
8870
4708
5472
7291
3438
6820
16942
9001
2174
9871
20265
3130
7719
8825
15927
7987
17376
8373
9065
12043
8935
13887
3286
7000
8740
3555
7260
13850
10167
19464
5105
2508
14125
23260
5158
11941
19660
5380
6268
1168
20909
5069
9356
16897
2864
6927
7242
5201
9164
18131
12313
5512
6383
12590
7880
6848
11166
1917
4256
10183
4883
8618
5131
1653
6727
6043
1188
7693
8900
14914
1568
3883
4105
10696
4728
12243
6509
3148
3550
55P
4578
12701
4583
6575
19876
4855
8874
5503
9726
18516
7818
22202
16977
23933
5783
7293
9886
19515
6523
2474
6306
6622
10133
8597
2458
18782
13613
8344
4077
5460
12366
14154
22862
5229
14058
22825
10708
16812
3863
7135
11469
7480
11782
5481
5246
9783
10492
13940
21867
9079
9095
16792
3455
12469
13267
22657
4756
13711
23106
5003
11954
8158
9968
11258
1809
5290
5658
10501
7977
16162
7182
12297
8017
25997
6161
20756
11972
9188
20974
4815
9199
12833
21747
2826
13925
1337
6472
8670
15703
10037
3972
2953
15957
1593
21195
9152
11841
20023
4838
6643
13475
7471
3057
17546
11337
8896
2472
11755
21603
4520
13035
22286
12855
3792
13190
22092
8753
15723
5766
2658
3309
6645
15149
2631
6511
5968
13622
7128
4832
5359
10137
12674
20987
10333
7958
3220
5316
4231
8121
14025
21738
4950
8305
6170
12823
19901
2599
20667
4740
12123
11162
17981
4003
13885
21250
14115
22613
2112
15308
2720
14556
22766
5281
12086
20370
8905
22643
2071
5017
3537
13986
2149
4792
8502
7858
9628
13771
11619
15296
23940
5417
12460
4599
13706
21948
7165
17466
6106
6627
7316
8115
5842
5121
2777
10709
14181
11955
2904
6982
6406
6187
8906
11992
12736
6631
22511
17071
8347
5577
14376
14102
7149
13963
22019
5092
13268
22660
4771
13816
5033
2183
8003
18302
27292
12108
3474
9674
11763
13067
12967
13468
8785
7491
10158
8029
14088
21740
13239
13717
8273
11202
13995
5113
14292
22725
9050
14571
14230
15448
5437
6713
14045
3257
10763
14372
9357
11436
12758
11556
4905
2671
5248
14118
13984
13075
13531
14122
4985
14036
14311
9149
14663
2847
14283
15538
5465
13216
13655
14067
6355
13034
12023
3797
9428
7166
10862
8463
9932
11562
8671
4510
6113
5533
9315
16354
8383
9008
8146
8063
9118
4008
13554
10788
17949
14475
12136
4606
11070
5282
7066
6228
3582
2427
6047
3919
12906
6682
22535
5109
5004
6536
6358
10272
9265
6926
14456
5264
11483
4133
5340
19740
3947
13999
5149
9165
12661
13549
4808
5045
4191
10308
5426
4330
16189
18328
12152
13011
13943
8723
18095
21347
13539
3896
4489
12036
21795
8886
5821
7681
7563
5759
12457
10224
12732
2016
12338
11793
14177
21802
9482
3201
12296
19521
13726
4033
14128
14412
9379
14743
12373
4772
14296
9893
14878
15700
12475
21674
14224
14813
22114
15033
5436
10729
4801
6884
9074
17941
6902
11159
12484
11778
5010
14970
4889
5508
15216
22169
5410
12801
20745
4468
1281
6946
16438
3849
10103
5994
12034
3569
14751
11310
18446
5297
10155
5327
4219
13114
20888
2902
17664
6057
3979
9398
12252
4635
13117
6173
11592
4307
12126
12657
15722
8364
16871
19411
11583
8355
9383
16710
8366
205P
9840
9150
1697
6822
3413
5606
4207
9304
8722
546
14993
11496
19173
7765
15787
23481
5507
5474
14435
9711
16969
14449
22795
5425
4788
3262
7739
9676
6297
12716
4513
8908
6535
3003
3502
11452
4948
8921
7823
6305
3287
4318
9270
4031
11217
17470
2008
4127
11707
7223
8195
12874
4722
13741
4715
12318
22268
4920
10861
14895
23213
3889
5285
17464
2961
5075
12342
19536
1961
6853
13274
6037
3142
4406
9913
20799
4177
2453
7246
8679
12679
6454
16206
23479
2933
15995
5406
3998
11339
17395
4027
12355
21040
4246
7619
5492
15061
23245
4750
9601
13881
15145
23279
4906
8871
15618
23356
5170
375P
10413
7302
11890
19290
4427
5529
10781
5707
11278
4840
3199
16694
5084
8766
19296
27425
6554
13157
13109
21128
15213
3382
16006
11085
3128
6289
1774
3981
22135
7083
13852
6195
7912
14576
11057
18033
14632
23258
21754
15463
22526
15770
12319
5951
8099
14113
2781
7859
2387
6192
5088
12511
1139
9505
4044
22181
4913
22429
8630
13758
3378
5555
13031
18120
15714
8607
2589
7176
9075
13278
14290
20254
2173
5090
22601
5901
8600
4214
15208
22779
5259
15805
23754
9858
4197
16258
23570
4108
13048
22278
15903
15654
23169
4777
8272
3604
13582
16615
24651
5712
7126
13892
20073
8884