3533.0
1829.0
663.0
331.0
5408.0
2000.0
1178.0
542.0
6078.0
2554.0
1090.0
1497.0
58.0
768.0
22.0
299.0
291.0
2933.0
1361.0
715.0
146.0
2529.0
89.0
1096.0
762.0
418.0
3372.0
157.0
1375.0
689.0
289.0
4888.0
40.0
1800.0
1123.0
574.0
5476.0
2247.0
1212.0
602.0
5756.0
1779.0
45.0
1177.0
635.0
838.0
42.0
408.0
285.0
79.0
422.0
51.0
447.0
257.0
3.0
133.0
3323.0
49.0
1753.0
261.0
661.0
897.0
19.0
356.0
21.0
76.0
57.0
1.0
2.0
8.0
9.0
64.0
18.0
249.0
24.0
223.0
140.0
60.0
228.0
175.0
132.0
1374.0
890.0
338.0
415.0
6.0
43.0
283.0
360.0
204.0
1013.0
477.0
50.0
801.0
368.0
26.0
13.0
104.0
7.0
33.0
29.0
583.0
428.0
189.0
56.0
1657.0
1015.0
575.0
333.0
2809.0
1560.0
766.0
384.0
2916.0
1665.0
907.0
389.0
5129.0
1951.0
774.0
1630.0
821.0
324.0
164.0
3334.0
111.0
1684.0
791.0
433.0
4531.0
2071.0
903.0
454.0
3787.0
2028.0
1402.0
803.0
2609.0
91.0
1629.0
1116.0
432.0
980.0
44.0
650.1
394.0
325.0
1482.0
90.0
1101.0
739.0
395.0
767.0
48.0
153.0
14.0
5.0
23.0
12.0
115.0
72.0
4.0
80.0
11.0
63.0
16.0
549.0
438.0
1074.0
15.0
608.0
481.0
202.0
227.0
101.0
110.0
182.0
390.0
281.0
219.0
319.0
247.0
255.0
20.0
1036.0
174.0
837.0
577.0
2571.0
102.0
1610.0
1105.0
647.0
4626.0
1780.0
983.0
342.0
933.0
46.0
430.0
365.0
74.0
1730.0
98.0
1329.0
10.0
697.0
2549.0
160.0
1337.0
512.0
399.0
6082.0
2829.0
1411.0
714.0
2830.0
1223.0
710.0
353.0
2938.0
1618.0
779.0
427.0
4321.0
2610.0
1381.0
590.0
5961.0
70.0
2669.0
1563.0
857.0
6242.0
3048.0
1646.0
509.0
3090.0
2604.0
1815.0
867.0
3438.0
2222.0
752.0
704.0
4866.0
2262.0
1052.0
884.0
1906.0
118.0
1094.0
340.0
266.0
2797.0
151.0
1045.0
328.0
508.0
3979.0
2684.0
1641.0
765.0
2545.0
66.0
335.0
86.0
3559.0
1432.0
35.0
679.0
200.0
181.0
30.0
94.0
2779.0
99.0
1798.0
517.0
138.0
32.0
424.0
161.0
61.0
1288.0
581.0
27.0
339.0
232.0
329.0
172.0
65.0
39.0
915.0
55.0
429.0
230.0
144.0
3257.0
2605.0
1522.0
1023.0
2717.0
1406.0
775.0
675.0
3442.0
105.0
1923.0
1224.0
1475.0
155.0
728.0
407.0
537.0
2420.0
1343.0
729.0
3847.0
108.0
1035.0
1388.0
869.0
1043.0
492.0
502.0
479.0
622.0
347.0
88.0
54.0
1559.0
67.0
648.0
321.0
217.0
3373.0
1901.0
972.0
290.0
4390.0
2248.0
1085.0
692.0
4074.0
1561.0
1134.0
412.0
5429.0
2654.0
1314.0
494.0
5643.0
3000.0
1540.0
3464.0
2112.0
1304.0
690.0
2644.0
47.0
827.0
2815.0
2631.0
565.0
4448.0
1985.0
1315.0
864.0
3903.0
1734.0
967.0
314.0
3610.0
883.0
426.0
215.0
31.0
184.0
1246.0
431.0
207.0
3240.0
1399.0
1008.0
588.0
2185.0
1751.0
530.0
599.0
5124.0
69.0
2107.0
1439.0
691.0
1430.0
880.0
302.0
699.0
103.0
851.0
563.0
234.0
3491.0
835.0
288.0
4049.0
1732.0
811.0
1501.0
964.0
482.0
159.0
3578.0
1707.0
1207.0
655.0
1604.0
1017.0
578.0
326.0
3955.0
2596.0
1542.0
1571.0
716.0
113.0
5433.0
2666.0
1832.0
970.0
1529.0
1183.0
873.0
466.0
248.0
28.0
177.0
93.0
2985.0
1445.0
584.0
528.0
25.0
256.0
311.0
444.0
841.0
292.0
95.0
619.0
667.0
1097.0
624.0
1821.0
414.0
183.0
2412.0
125.0
1108.0
128.0
34.0
2531.0
2790.0
1496.0
926.0
6261.0
3378.0
1883.0
1548.0
81.0
633.0
467.0
372.0
2886.0
186.0
1510.0
905.0
456.0
1005.0
844.0
3230.0
1418.0
53.0
671.0
316.0
62.0
38.0
214.0
96.0
156.0
84.0
305.0
152.0
1364.0
927.0
885.0
398.0
1380.0
804.0
613.0
535.0
240.0
1293.0
68.0
597.0
303.0
185.0
2917.0
171.0
1685.0
1028.0
463.0
4072.0
120.0
2190.0
1283.0
3515.0
1682.0
894.0
520.0
4955.0
2411.0
1506.0
799.0
557.0
1306.0
929.0
2935.0
2237.0
942.0
525.0
4434.0
1786.0
940.0
235.0
493.0
571.0
310.0
1645.0
1114.0
653.0
5248.0
2457.0
1597.0
916.0
2687.0
1077.0
678.0
334.0
5518.0
2555.0
1404.0
562.0
3600.0
1938.0
296.0
1541.0
719.0
242.0
3353.0
1340.0
861.0
455.0
4359.0
1697.0
516.0
129.0
1423.0
4778.0
2480.0
1757.0
286.0
5222.0
2527.0
846.0
850.0
2383.0
1398.0
784.0
445.0
1877.0
1014.0
497.0
294.0
17.0
127.0
435.0
119.0
192.0
193.0
2556.0
166.0
976.0
5514.0
3150.0
1793.0
4328.0
2705.0
1601.0
1054.0
1376.0
237.0
197.0
4122.0
2113.0
1112.0
642.0
4628.0
2787.0
1525.0
3192.0
1673.0
985.0
529.0
4790.0
3228.0
1823.0
908.0
6760.0
3018.0
1701.0
116.0
5840.0
2339.0
1277.0
701.0
5649.0
123.0
2030.0
955.0
358.0
1655.0
863.0
293.0
2888.0
781.0
3341.0
1377.0
52.0
720.0
386.0
3375.0
92.0
1382.0
37.0
887.0
5199.0
2082.0
1222.0
665.0
5399.0
2390.0
910.0
6882.0
2709.0
943.0
3526.0
1059.0
682.0
3389.0
1468.0
696.0
317.0
5502.0
2754.0
1647.0
917.0
5345.0
1487.0
564.0
6583.0
2400.0
1491.0
625.0
4146.0
1554.0
1253.0
4965.0
167.0
2306.0
381.0
898.0
544.0
361.0
265.0
2941.0
570.0
362.0
2995.0
1427.0
717.0
4666.0
137.0
2095.0
1156.0
552.0
6258.0
3138.0
1683.0
1118.0
6968.0
3231.0
1856.0
989.0
4319.0
2988.0
1524.0
963.0
7241.0
3320.0
1845.0
3719.0
122.0
1490.0
872.0
462.0
3288.0
1358.0
705.0
226.0
4259.0
1745.0
901.0
307.0
500.0
225.0
135.0
772.0
336.0
205.0
1760.0
83.0
449.0
457.0
239.0
2648.0
114.0
677.0
364.0
1350.0
71.0
451.0
323.0
4477.0
2070.0
1395.0
941.0
6898.0
3149.0
1545.0
5985.0
2837.0
1609.0
931.0
1127.0
465.0
538.0
2293.0
641.0
280.0
2395.0
168.0
1270.0
654.0
4744.0
191.0
2251.0
1390.0
5895.0
2706.0
1503.0
5945.0
2650.0
1557.0
673.0
7079.0
2885.0
1663.0
796.0
6711.0
3189.0
1811.0
7526.0
3532.0
1984.0
5388.0
2691.0
1556.0
782.0
3034.0
1633.0
343.0
1890.0
2110.0
792.0
3641.0
117.0
1397.0
224.0
406.0
236.0
59.0
1202.0
605.0
439.0
203.0
1471.0
78.0
732.0
320.0
253.0
2548.0
1032.0
594.0
726.0
468.0
272.0
268.0
2160.0
73.0
260.0
2577.0
112.0
1256.0
568.0
5822.0
2333.0
1336.0
548.0
5993.0
2223.0
1210.0
131.0
1312.0
634.0
4444.0
2386.0
1081.0
556.0
5583.0
650.0
596.0
6330.0
2510.0
1182.0
448.0
2818.0
1372.0
672.0
586.0
5046.0
179.0
1368.0
1248.0
576.0
5811.0
187.0
2079.0
1355.0
546.0
6322.0
2442.0
484.0
2524.0
649.0
4547.0
1590.0
961.0
547.0
5537.0
169.0
1534.0
1228.0
3870.0
1714.0
946.0
700.0
6069.0
2661.0
1265.0
657.0
6399.0
1229.0
698.0
2914.0
77.0
1351.0
832.0
5020.0
2254.0
593.0
6219.0
2482.0
5269.0
1941.0
357.0
1483.0
1362.0
3124.0
789.0
441.0
1581.0
109.0
758.0
5680.0
1263.0
6393.0
973.0
297.0
607.0
3001.0
2971.0
998.0
5632.0
1100.0
3540.0
124.0
4608.0
1485.0
843.0
1715.0
188.0
1680.0
250.0
2826.0
1776.0
2013.0
3432.0
401.0
2912.0
831.0
2864.0
725.0
391.0
6187.0
1728.0
6645.0
1787.0
5783.0
5423.0
1584.0
534.0
3009.0
1478.0
1892.0
258.0
284.0
1867.0
658.0
440.0
450.0
1759.0
859.0
1579.0
1979.0
4414.0
4440.0
5606.0
6216.0
1628.0
3110.0
1093.0
723.0
216.0
4249.0
1022.0
623.0
5389.0
1460.0
809.0
154.0
1671.0
660.0
397.0
4814.0
2734.0
459.0
1385.0
776.0
1884.0
1910.0
2960.0
3604.0
755.0
363.0
618.0
100.0
1061.0
4161.0
1338.0
1736.0
2281.0
1838.0
954.0
332.0
1150.0
6088.0
1443.0
5738.0
376.0
3895.0
475.0
5301.0
1527.0
1442.0
817.0
1098.0
948.0
2869.0
6185.0
1841.0
4222.0
2170.0
814.0
3498.0
6547.0
3363.0
2041.0
262.0
6181.0
1484.0
824.0
5926.0
2298.0
1018.0
437.0
423.0
858.0
4273.0
3421.0
1007.0
600.0
5385.0
2162.0
1371.0
5420.0
2534.0
1567.0
7559.0
2898.0
3580.0
402.0
1711.0
5528.0
1378.0
1528.0
5286.0
1330.0
190.0
2348.0
1225.0
3163.0
4717.0
630.0
6848.0
7084.0
3312.0
2017.0
243.0
1607.0
41.0
7784.0
3439.0
1929.0
3723.0
921.0
3629.0
4958.0
1019.0
241.0
163.0
778.0
2059.0
244.0
1144.0
1539.0
4603.0
1611.0
7089.0
3212.0
2989.0
1852.0
2303.0
410.0
5016.0
1500.0
914.0
5980.0
6028.0
773.0
7814.0
3207.0
8101.0
3668.0
2142.0
5394.0
1219.0
3817.0
1429.0
734.0
210.0
264.0
3004.0
932.0
2032.0
3146.0
1479.0
656.0
5860.0
2435.0
5503.0
1279.0
610.0
5594.0
2567.0
1159.0
6416.0
2710.0
909.0
5566.0
2133.0
1326.0
680.0
643.0
6500.0
1319.0
536.0
632.0
5691.0
591.0
4743.0
2934.0
1366.0
6683.0
612.0
6121.0
1464.0
702.0
5554.0
2652.0
282.0
4462.0
1393.0
1725.0
1354.0
3693.0
2023.0
746.0
7646.0
1974.0
7419.0
7852.0
3808.0
5073.0
252.0
3669.0
2158.0
5958.0
2983.0
1459.0
3782.0
6306.0
4893.0
2819.0
3492.0
3609.0
4496.0
5900.0
2996.0
1636.0
2634.0
471.0
344.0
6068.0
5492.0
7763.0
6876.0
2001.0
7885.0
2485.0
5462.0
7937.0
3682.0
6395.0
3003.0
1339.0
6678.0
5708.0
1092.0
5956.0
1690.0
5527.0
2618.0
1416.0
2699.0
1873.0
3804.0
4255.0
860.0
1713.0
162.0
4242.0
2474.0
3960.0
5417.0
1565.0
4366.0
3502.0
6116.0
3852.0
5684.0
6418.0
3608.0
7656.0
6529.0
1520.0
5382.0
1235.0
4742.0
8058.0
4996.0
2294.0
5091.0
6263.0
1875.0
2876.0
1771.0
7432.0
7988.0
3702.0
1818.0
3865.0
136.0
3214.0
2249.0
6478.0
2559.0
6128.0
2775.0
1467.0
6690.0
1434.0
5456.0
3710.0
3113.0
6162.0
4670.0
2126.0
1729.0
1805.0
4183.0
5556.0
2728.0
6430.0
5586.0
3404.0
2674.0
4876.0
802.0
245.0
991.0
3030.0
1391.0
6570.0
4607.0
1705.0
6560.0
5776.0
1121.0
5943.0
3355.0
2048.0
6288.0
6274.0
5690.0
6879.0
1624.0
3643.0
1777.0
2008.0
7422.0
2438.0
7282.0
2067.0
7884.0
3382.0
5836.0
8730.0
3637.0
713.0
5095.0
1886.0
2690.0
5998.0
8027.0
3739.0
2199.0
3184.0
4087.0
2606.0
7449.0
7101.0
2645.0
1345.0
2419.0
6821.0
3027.0
6504.0
6421.0
5802.0
1709.0
1030.0
5624.0
2498.0
1148.0
503.0
7081.0
2384.0
6738.0
2566.0
521.0
1764.0
388.0
2626.0
1083.0
3922.0
1943.01
1216.0
464.0
3284.0
95.01
2697.0
3806.0
1331.01
787.0
5163.0
1858.0
1069.0
5719.0
1928.0
1189.0
5773.0
1850.0
1302.0
6440.0
2075.0
1488.0
561.01
7179.0
2972.0
1693.0
749.0
383.0
173.0
830.0
267.0
238.0
1737.0
1796.0
40.01
1021.0
1046.0
33.01
1426.0
763.0
345.0
158.0
126.0
270.0
1294.0
201.0
10.01
425.0
120.01
498.0
1106.0
676.0
2946.0
1591.0
703.0
2950.0
1508.0
1056.0
646.0
5769.0
2275.0
1696.0
513.0
3774.0
1428.0
986.0
3779.0
1034.0
524.0
2003.0
685.0
2858.0
1157.0
523.0
949.0
54.01
404.0
486.0
36.0
1115.0
330.0
1694.0
2958.0
1700.0
79.01
1349.0
5251.0
1870.0
848.0
371.0
249.01
2255.0
57.01
559.0
301.0
3452.0
130.0
1060.0
506.0
5753.0
2822.0
1640.0
2732.0
1055.0
3264.0
1370.0
5183.0
202.01
2617.0
1444.0
6039.0
2792.0
1784.0
793.0
6672.0
3160.0
974.0
6448.0
871.0
4262.0
777.0
5364.0
2449.0
1620.0
939.0
373.0
2990.0
1424.0
3050.0
1755.0
878.0
2329.0
968.01
480.0
49.01
3937.0
1400.0
760.0
82.0
0.01
149.0
2892.0
1669.0
1180.0
684.0
1203.0
496.0
387.0
221.0
199.0
4793.0
3025.0
1789.0
906.0
2343.0
1420.0
572.0
3487.0
1659.0
1255.0
476.0
1721.0
735.0
2349.0
1599.0
3572.0
2039.0
1271.0
662.0
712.0
322.0
75.0
251.0
1578.0
259.0
3773.0
1681.0
585.0
4275.0
1642.0
4505.0
1644.0
637.0
4740.0
2612.0
1353.0
900.0
6072.0
2504.0
1598.0
884.01
3972.0
2240.0
5292.0
810.0
3154.0
2369.0
1050.0
3990.0
176.0
1996.0
3329.0
142.0
1249.0
416.0
3447.0
1325.0
522.0
143.0
2479.0
1934.0
1243.0
825.0
1956.0
1025.0
1449.0
495.0
4611.0
2417.0
1199.0
1321.0
669.0
2429.0
318.0
1854.0
925.0
592.0
366.0
4092.0
1550.0
737.0
5125.0
152.01
77.01
870.0
1474.0
1072.01
378.0
2086.0
1606.0
4534.0
2436.0
1708.0
875.0
1718.0
756.01
308.0
4661.0
2878.0
1408.0
1087.0
694.0
354.0
11.01
2973.0
1454.0
263.0
210.01
85.0
1003.0
771.0
493.01
2522.0
2128.0
1238.0
806.0
2776.0
638.0
874.0
923.0
2884.0
952.0
474.0
2261.0
3435.0
97.0
246.0
651.0
274.0
147.02
1517.0
545.0
533.0
337.0
222.0
87.0
3395.0
573.0
4303.0
1239.0
3351.0
1872.0
1029.0
409.01
4715.0
2181.0
1546.0
1146.0
217.01
1915.0
3486.0
2280.0
587.0
4264.0
951.0
501.0
881.0
5404.0
2051.0
888.0
2913.0
1104.0
300.0
5479.0
2467.0
1407.0
736.0
6090.0
2024.0
1849.0
3649.0
1448.0
920.0
4567.0
1689.0
1876.0
840.0
636.0
5062.0
3134.0
1966.0
533.01
5143.0
2154.0
1651.0
2772.0
1417.0
63.01
452.0
139.0
2812.0
925.01
107.0
1049.0
833.0
2433.0
1530.0
5704.0
2505.0
1814.0
4806.0
2201.0
1552.0
519.0
341.0
4127.0
2106.0
695.0
3981.0
2347.0
783.0
5505.0
1660.0
918.0
194.0
6831.0
3271.0
6902.0
3152.0
1033.0
6065.0
2310.0
1386.0
711.0
6146.0
180.0
2040.0
1142.0
3091.0
1254.0
722.0
3678.0
936.0
442.0
3463.0
1357.0
5352.0
620.01
5598.0
2382.0
1717.0
707.0
7540.0
2889.01
1855.0
3076.0
1001.0
3971.0
1413.0
350.0
6616.0
2707.0
1661.0
4266.0
1331.0
1323.0
609.0
6131.0
2872.0
1066.0
836.0
5240.0
2077.0
1379.0
4933.0
2351.0
5455.0
2250.0
1027.0
375.0
3211.0
1259.0
708.0
3957.0
200.01
1638.0
800.0
5067.0
1176.0
6178.0
3185.0
1913.0
977.0
7312.0
1726.0
733.0
6540.0
3035.0
913.0
7726.0
3303.0
1828.0
1026.0
4000.0
147.0
1468.01
996.0
504.0
4099.0
808.0
213.0
4787.0
928.0
17.01
276.0
1804.0
756.0
2901.0
1102.0
754.0
4483.0
2064.0
1562.0
6987.0
2849.0
1750.0
6388.0
856.0
1281.0
1305.01
794.0
393.0
5374.0
2129.0
1533.0
2616.0
1702.0
896.0
2337.0
3092.0
1168.0
6943.0
3159.0
1983.01
995.0
7983.0
134.0
2031.0
2451.0
2904.0
94.01
4250.0
1110.0
3761.0
106.0
1360.0
3.01
212.0
1251.0
287.0
233.0
3181.0
2192.0
170.0
3705.0
1526.0
611.0
4961.0
2202.0
1328.0
6062.0
2521.01
670.0
3278.0
937.0
621.0
4953.0
2211.0
5817.0
2239.0
1298.0
6424.0
2537.0
550.0
3396.0
148.0
748.0
877.0
5265.0
2296.0
1309.0
561.0
5172.0
60.01
1344.0
6695.0
2037.0
1072.0
518.0
2932.0
598.0
4990.0
555.0
2270.0
485.0
7462.0
2768.0
1582.0
2927.0
1656.0
764.0
6425.0
2751.01
1299.0
7198.0
2762.0
1401.0
3224.0
1740.0
1086.0
4885.0
1389.0
627.0
6722.0
2283.01
1369.0
7246.0
2611.0
1396.0
2015.0
5219.0
5794.0
2184.0
7583.0
1600.0
3039.0
3005.0
6020.0
2376.0
3058.0
1373.0
639.0
1244.0
5278.0
3659.0
845.0
3354.0
2659.0
6204.0
1790.0
6787.0
3332.0
816.0
3229.0
273.0
2870.0
4034.0
4350.0
3075.0
993.0
2288.0
3424.0
3778.0
742.0
3413.0
461.0
473.0
531.0
1983.0
1661.01
4071.0
2191.0
411.0
4598.0
1973.0
5079.0
3059.0
805.0
902.0
2981.0
3536.0
4425.0
3799.0
1020.0
2020.0
2125.0
3969.0
1762.0
978.0
141.0
2608.0
6127.0
413.0
369.0
1731.0
5416.0
1435.0
2043.0
1099.0
1031.0
2284.0
1616.0
4305.0
770.0
2584.0
3699.0
1206.0
7890.0
6150.0
6184.0
78.03
4225.0
5656.0
6292.0
3128.0
198.0
1576.0
7531.0
6293.0
2899.0
862.0
5268.0
4233.0
5109.0
3196.0
1004.0
7720.0
3253.0
8012.0
3446.0
1071.0
4189.0
2243.0
2903.0
4676.0
6759.0
2828.0
417.0
807.0
6461.0
2931.0
6329.0
8303.0
944.0
7476.0
1011.0
8888.0
279.01
3576.0
2863.0
999.0
1139.0
744.0
1833.0
1837.0
2266.0
2410.0
668.0
6489.0
5198.0
218.0
2402.0
6323.0
2289.0
7168.0
551.0
1519.0
5390.0
1367.0
7200.0
1311.0
3029.0
1585.0
2801.0
5507.0
1513.0
7032.0
116.01
2544.0
2637.0
1710.0
2783.01
2875.0
2696.0
1975.0
5200.0
2135.0
2084.0
1076.0
6207.0
953.0
3495.0
4291.0
2018.0
3695.0
4236.0
4188.0
2582.0
1437.0
1532.0
7053.0
7316.0
2078.0
3481.0
3451.0
5487.0
6438.0
1103.0
1619.0
6214.0
6455.0
5357.0
9034.0
1346.0
1523.0
2271.0
3052.0
2839.0
1844.0
7751.0
4001.0
5235.0
5821.0
7999.0
3126.0
1341.0
2742.0
3709.0
6495.0
3085.0
2316.0
4501.0
5611.0
5263.0
1897.0
5885.0
3023.0
982.0
3866.0
6377.0
3165.0
3331.0
1861.0
1194.0
6614.0
8192.0
400.0
5524.0
6534.0
2478.0
8471.0
2922.0
4322.0
2319.0
4494.0
7286.0
8121.0
7063.0
7398.0
4780.0
5323.0
5867.0
3051.0
3056.0
2022.0
3770.0
4774.0
4703.0
2713.0
1458.0
4923.0
5889.0
3083.0
5478.0
797.0
7560.0
3267.0
8465.0
4352.0
2450.0
6789.0
8491.0
3313.0
8409.0
3722.0
4779.0
6435.0
7334.0
1332.0
8163.0
7585.0
2578.0
7727.0
2680.01
7826.0
3627.0
4524.0
5706.0
6125.0
6053.0
2726.0
8983.0
1792.0
3079.0
6033.0
5744.0
7054.0
3506.0
6939.0
3233.0
7046.0
3067.0
5639.0
3264.01
4093.0
275.0
3114.0
2896.0
1010.0
4516.0
4954.0
724.0
5663.0
6761.0
3098.0
2597.0
1200.0
4041.0
5905.0
1387.0
4442.0
4156.0
3245.0
2994.0
3645.0
3558.0
1155.0
2312.0
2177.0
4184.0
5210.0
396.0
6328.0
6919.0
1942.0
5347.0
1473.0
7228.0
2209.0
2519.0
165.0
4310.0
6054.0
2877.0
960.0
1211.0
8704.0
9211.0
6710.0
6426.0
2242.0
5806.0
1970.0
2425.0
958.0
9103.0
3574.0
1131.0
9907.0
5279.0
1392.0
6802.0
2061.0
8037.0
1002.0
6807.0
9344.0
2089.0
4006.0
4617.0
220.0
1887.0
3122.0
1772.0
7097.0
5750.0
6929.0
2940.0
7163.0
3427.0
9511.0
3732.0
2136.0
5966.0
1840.0
3226.0
4922.0
4327.0
3337.0
2342.0
5018.0
2473.0
7257.0
3475.0
6813.0
2365.0
6071.0
9517.0
3112.0
7137.0
2959.0
1504.0
5941.0
5057.0
10078.0
1649.0
4343.0
1766.0
7281.0
10844.0
2716.0
4008.0
11727.0
2969.0
4859.0
6790.0
11349.0
5133.0
2602.0
566.0
2357.0
2344.0
4365.0
1950.0
2897.0
3249.0
5689.0
2367.0
421.0
2124.0
3615.0
1505.0
595.0
822.0
3752.0
8510.0
743.0
5165.0
10356.0
5925.0
10671.0
2542.0
2744.0
5903.0
10519.0
2423.0
2840.0
2753.0
6920.0
11337.0
2999.0
5610.0
2721.0
7918.0
11996.0
3555.0
6160.0
1943.0
1040.0
1425.0
1161.0
1492.0
4002.0
539.0
211.0
4203.0
4731.0
1835.0
686.0
2471.0
601.0
2012.0
231.0
780.0
3145.0
2332.0
483.0
812.0
938.0
4389.0
997.0
1589.0
1816.0
751.0
279.0
2260.0
6066.0
1896.0
4166.0
1664.0
2174.0
4435.0
2852.0
628.0
3379.0
6702.0
1733.0
4201.0
1672.0
3840.0
731.0
6247.0
10692.0
2506.0
4800.0
1320.0
3776.0
854.0
1921.0
377.0
912.0
6201.0
1242.0
4269.0
1965.0
865.0
4905.0
9068.0
4836.0
1137.0
385.0
3814.0
7258.0
2552.0
1192.0
1912.0
5697.0
3071.0
1065.0
1587.0
309.0
1141.0
304.0
603.0
1864.0
3879.0
346.0
2883.0
1166.0
505.0
1295.0
882.0
3340.0
420.0
1136.0
196.0
645.0
306.0
1088.0
229.0
1788.0
327.0
1538.0
3908.0
3350.0
626.0
3624.0
6819.0
4913.0
1824.0
5568.0
8868.0
1968.0
4346.0
904.0
1959.0
1911.0
2359.0
1213.0
3168.0
8019.0
4447.0
828.0
10668.0
3105.0
5285.0
1252.0
2408.0
5315.0
1214.0
254.0
3161.0
3878.0
979.0
4614.0
7680.0
2663.0
4213.0
1333.0
2045.0
567.0
6677.0
10833.0
3410.0
6434.0
2909.0
6791.0
10951.0
3647.0
1920.0
4020.0
7929.0
1925.0
1742.0
3912.0
7305.0
2569.0
4153.0
1447.0
2341.0
853.0
5427.0
8593.0
2773.0
6177.0
1515.0
2476.0
2285.0
382.0
3017.0
6825.0
3147.0
891.0
6589.0
9753.0
3220.0
6587.0
2302.0
1623.0
1169.0
2757.0
569.0
4232.0
8753.0
3661.0
1687.0
348.0
5499.0
1853.0
4450.0
1170.0
2564.0
313.0
1205.0
3088.0
640.0
5333.0
10091.0
3020.0
6633.0
2838.0
2514.0
6114.0
3364.0
3292.0
6937.0
5368.0
1190.0
2668.0
930.0
2755.0
1812.0
7206.0
4548.0
992.0
3930.0
8759.0
2373.0
4054.0
823.0
271.0
2980.0
434.0
1676.0
4616.0
3094.0
460.0
278.0
3790.0
7767.0
1944.0
1078.0
2052.0
4580.0
9335.0
2393.0
1296.0
2371.0
4566.0
10751.0
5260.0
1132.0
5781.0
12633.0
6758.0
2954.0
540.0
12229.0
2964.0
6561.0
1738.0
2956.0
208.0
10137.0
2257.0
4523.0
1476.0
2632.0
629.0
5742.0
10915.0
2642.0
5808.0
2781.0
9330.0
4331.0
2759.0
9588.0
4358.0
3829.0
7670.0
1749.0
3317.0
579.0
3764.0
4115.0
2673.0
1274.0
718.0
1247.0
145.0
2930.0
527.0
6556.0
1859.0
4341.0
1082.0
2363.0
2859.0
1551.0
2701.0
2778.0
750.0
9504.0
2336.0
5096.0
1754.0
2121.0
688.0
1573.0
2060.0
4253.0
7078.0
11464.0
2986.0
6019.0
2784.0
2092.0
3307.0
818.0
2182.0
1275.0
3205.0
6191.0
2073.0
3805.0
2104.0
8907.0
1879.0
4348.0
1124.0
2543.0
4371.0
1070.0
2685.0
3633.0
5576.0
2588.0
3915.0
2813.0
849.0
5155.0
8304.0
2694.0
1667.0
2229.0
6359.0
730.0
2908.0
4982.0
8682.0
2370.0
6317.0
2752.0
4445.0
1117.0
2509.0
644.0
2007.0
403.0
6205.0
4718.0
1006.0
2176.0
740.0
819.0
2546.0
543.0
1290.0
3141.0
1284.0
2144.0
3335.0
1936.0
2628.0
5938.0
1258.0
1113.0
4438.0
2354.0
2622.0
5572.0
1348.0
1992.0
9540.0
3065.0
5532.0
2720.0
3297.0
631.0
367.0
1162.0
2525.0
6109.0
664.0
2507.0
2091.0
7686.0
1415.0
2889.0
693.0
209.0
178.0
3255.0
1412.0
355.0
553.0
269.0
2871.0
554.0
1699.0
3111.0
3606.0
842.0
4108.0
8766.0
2279.0
1130.0
8856.0
3901.0
5585.0
10428.0
5287.0
4219.0
7880.0
4475.0
2283.0
3747.0
9498.0
2320.0
4120.0
956.0
2074.0
1175.0
813.0
1627.0
5213.0
2833.0
1931.0
5241.0
9810.0
3167.0
4639.0
2387.0
7689.0
3423.0
889.0
6525.0
9568.0
2719.0
5088.0
1455.0
11340.0
5321.0
1079.0
419.0
2963.0
2226.0
829.0
3127.0
8196.0
1617.0
3743.0
3019.0
10064.0
4850.0
2009.0
2195.0
511.0
727.0
3655.0
10503.0
2290.0
5179.0
2164.0
315.0
4577.0
6460.0
5195.0
2252.0
2470.0
5569.0
893.0
6314.0
10912.0
3473.0
6782.0
3268.0
6373.0
3325.0
359.0
1431.0
1196.0
769.0
4776.0
3931.0
606.0
6400.0
10400.0
4700.0
1834.0
4051.0
8635.0
2264.0
6509.0
1198.0
4056.0
2295.0
1151.0
790.0
4572.0
7935.0
1908.0
4909.0
2352.0
3588.0
10214.0
2273.0
2764.0
1613.0
5837.0
9429.0
3531.0
7926.0
4754.0
2443.0
8104.0
12618.0
3855.0
7853.0
13104.0
2056.0
10574.0
2535.0
4979.0
4931.0
9487.0
2322.0
4194.0
1763.0
2811.0
5439.0
2672.0
589.0
2894.0
7426.0
1976.0
2961.0
5194.0
8048.0
2035.0
3554.0
1163.0
1952.0
5779.0
8226.0
2665.0
1451.0
2739.0
8467.0
10074.0
2459.0
6163.0
1946.0
2851.0
2893.0
5635.0
2171.0
3964.0
879.0
2115.0
7963.0
12977.0
3385.0
6892.0
1857.0
2970.0
12204.0
5922.0
852.0
6755.0
13761.0
6875.0
1165.0
351.0
5446.0
10895.0
1882.0
4451.0
2093.0
5625.0
10099.0
5284.0
1356.0
1940.0
5548.0
10125.0
2601.0
1129.0
2948.0
558.0
379.0
1037.0
488.0
5826.0
3247.0
1691.0
4877.0
5448.0
10453.0
1260.0
7989.0
12502.0
3440.0
6244.0
2939.0
7915.0
12015.0
3605.0
6308.0
8102.0
12533.0
3944.0
6454.0
5972.0
11100.0
5130.0
2943.0
8706.0
12940.0
3632.0
2050.0
4116.0
7055.0
1902.0
3391.0
924.0
1963.0
4411.0
8504.0
1724.0
615.0
5662.0
9021.0
2317.0
4629.0
1174.0
515.0
922.0
2287.0
1477.0
1843.0
3727.0
2139.0
1280.0
604.0
1303.0
3053.0
3917.0
5078.0
9691.0
2143.0
1544.0
868.0
8137.0
11739.0
2856.0
6694.0
11173.0
3359.0
6189.0
2445.0
5306.0
298.0
7849.0
453.0
5786.0
9797.0
5472.0
1495.0
2595.0
747.0
6874.0
10962.0
3436.0
6334.0
6609.0
12698.0
6346.0
8825.0
13604.0
1774.0
6792.0
9434.0
3426.0
5917.0
1955.0
2599.0
7518.0
13629.0
3686.0
2034.0
5543.0
9122.0
1164.0
3015.0
1795.0
4569.0
1493.0
4815.0
8087.0
2132.0
4470.0
3748.0
8108.0
3302.0
1063.0
1626.0
3409.0
1878.0
1191.0
6381.0
3977.0
2385.0
709.0
1747.0
1140.0
4938.0
965.0
1313.0
206.0
6179.0
3272.0
6045.0
10156.0
2533.0
2145.0
11359.0
6331.0
1403.0
4621.0
9283.0
2415.0
4005.0
2455.0
5745.0
11134.0
5391.0
994.0
2421.0
7259.0
11834.0
4338.0
1507.0
2314.0
6319.0
3242.0
738.0
1977.0
5597.0
9739.0
2756.0
458.0
7035.0
2623.0
5437.0
7336.0
11114.0
2693.0
6296.0
10860.0
1000.0
446.0
2834.0
1226.0
1514.0
4785.0
7628.0
3174.0
988.0
2131.0
9436.0
2149.0
3831.0
1273.0
8258.0
12819.0
3280.0
6134.0
2796.0
8223.0
11603.0
2929.0
6276.0
1462.0
510.0
3187.0
7384.0
981.0
5387.0
10323.0
2426.0
5147.0
7599.0
10816.0
3041.0
1568.0
687.0
2671.0
6975.0
1195.0
3418.0
1830.0
4404.0
9188.0
2272.0
5623.0
9666.0
5517.0
1009.0
2782.0
2345.0
3014.0
7661.0
3089.0
1553.0
4469.0
2068.0
1564.0
3754.0
5426.0
11096.0
2957.0
8511.0
4467.0
616.0
4605.0
4221.0
1128.0
5547.0
5013.0
2328.0
6005.0
3849.0
1575.0
195.0
1091.0
975.0
2735.0
1241.0
8066.0
6655.0
3178.0
3281.0
6104.0
560.0
7569.0
3700.0
2010.0
5551.0
3263.0
472.0
2974.0
6183.0
1945.0
507.0
4281.0
4644.0
3858.0
4662.0
2311.0
7071.0
10904.0
2561.0
5973.0
12152.0
3176.0
1770.0
2962.0
3338.0
9734.0
2550.0
5592.0
3846.0
1744.0
2437.0
839.0
2692.0
8028.0
3684.0
2372.0
2208.0
5069.0
9599.0
1808.0
2820.0
2004.0
4540.0
4916.0
5878.0
950.0
2592.0
1549.0
374.0
1580.0
6776.0
6588.0
2636.0
3433.0
491.0
4646.0
2090.0
6934.0
2477.0
5687.0
6429.0
3520.0
2062.0
934.0
6451.0
2016.0
2392.0
4558.0
4641.0
3287.0
1234.0
8600.0
2101.0
8469.0
4124.0
10799.0
2767.0
5074.0
10359.0
2441.0
3310.0
2137.0
1318.0
2841.0
5464.0
9089.0
4393.0
8479.0
4329.0
1305.0
1686.0
6080.0
1914.0
6287.0
10311.0
6011.0
2791.0
5553.0
4453.0
4927.0
5683.0
8194.0
3642.0
1874.0
2952.0
8154.0
3664.0
9135.0
4121.0
1688.0
2949.0
9225.0
1768.0
295.0
2458.0
5329.0
13198.0
3886.0
1922.0
2937.0
3862.0
5963.0
3011.0
1543.0
7319.0
12841.0
6878.0
1706.0
9307.0
14027.0
2127.0
5872.0
4917.0
834.0
1791.0
2203.0
5767.0
990.0
3904.0
6192.0
4585.0
1472.0
7152.0
11646.0
2843.0
5988.0
7780.0
3250.0
5892.0
7833.0
4950.0
5470.0
8852.0
1215.0
10226.0
3425.0
8414.0
3367.0
6894.0
1634.0
6686.0
7870.0
11416.0
1648.0
4452.0
6313.0
3348.0
7620.0
4673.0
1809.0
4133.0
6725.0
12019.0
8572.0
826.0
12353.0
4656.0
10590.0
4324.0
2175.0
6827.0
2976.0
9518.0
13727.0
4109.0
5032.0
1756.0
1138.0
7765.0
1208.0
2572.0
6471.0
14136.0
7895.0
7666.0
1236.0
6866.0
11122.0
721.0
13066.0
3813.0
2862.0
6476.0
8832.0
4046.0
2166.0
3387.0
8285.0
6809.0
7946.0
4362.0
9200.0
3510.0
7786.0
7048.0
4541.0
6441.0
7753.0
1865.0
4159.0
5924.0
8322.0
2187.0
2926.0
5619.0
1727.0
4698.0
3894.0
761.0
487.0
3131.0
2855.0
12913.0
8150.0
2340.0
5577.0
6982.0
11822.0
12135.0
6601.0
1594.0
12585.0
7954.0
8054.0
8762.0
12526.0
2494.0
2703.0
1324.0
11713.0
1704.0
9195.0
6743.0
1899.0
5763.0
3499.0
7242.0
10919.0
3485.0
6949.0
12117.0
1958.0
7974.0
3653.0
4900.0
3269.0
11362.0
5807.0
4845.0
6390.0
13290.0
1126.0
6282.0
2389.0
9129.0
13001.0
3816.0
4588.0
2918.0
2204.0
6298.0
3812.0
4403.0
4474.0
7010.0
7386.0
3327.0
7346.0
12416.0
6012.0
7212.0
4878.0
1988.0
6632.0
3415.0
9126.0
14450.0
2277.0
1122.0
6631.0
10803.0
1595.0
9355.0
3290.0
6368.0
10030.0
14097.0
12969.0
7219.0
2422.0
6513.0
8739.0
3756.0
9147.0
12275.0
2108.0
4382.0
6917.0
6896.0
9898.0
14111.0
4456.0
4517.0
5670.0
2998.0
5865.0
13567.0
2111.0
4151.0
8123.0
6316.0
10134.0
8144.0
9923.0
10625.0
855.0
9545.0
3970.0
1308.0
4436.0
8115.0
7899.0
4196.0
3087.0
8051.0
3652.0
6043.0
8094.0
8712.0
5089.0
1602.0
12865.0
3571.0
9074.0
13053.0
8523.0
7718.0
6613.0
6546
11238
119P
792
1711
2486
4337
1238
2680
403
7951
14832
3307
5788
1636
556
8565
14251
965
3122
6386
1675
597
8704
13944
3616
7297
1702
604
1246
2951
99
136
462
468
1505
34
98
859
175
459
2114
5700
879
2329
590
4855
9433
490
2123
4377
1348
2276
6517
50P
400
793
1531
3250
694
1176
412
1991
5311
64P
322
877
2138
717
1127
362
622
4003
9671
541
1446
5208
1137
2053
480
611P
5940
11078
756
2407
6011
1463
2717
698
5621
12989
2554
7080
1585
3205
670
6036
12699
838
2841
1671
3331
687
7902
14452
924
3213
2032
3219
805
9245
15291
994
3739
2058
954
1182
2634
54
349
2302
29
56
527
3P
152
567
702
4960
1177
2444
663
320
440
2421
84
146
705
7P
565
1312
42
168
682
271
842
1486
8846
511
1965
5583
1255
2578
568
159P
747
1871
61
220
794
15P
2357
35
30
399
8P
76
276
3
1
10
26
7
59
60
1P
1276
192
735
2160
899
922
573
71
697
21
643
27
66
4
25
101
306
1252
83
173
1025
22P
155
336
130
745
1016
4968
45P
262
1212
2647
864
1425
625
347
1087
150
2851
172
309
371
150P
4023
8337
457
2353
4102
1349
2228
807
196
1880
73
529
6P
234
1273
14
82
431
2
65
310
1097
3952
122
546
2413
261
1116
203
691
3354
7336
448
1910
3904
1260
1370
726
238P
4814
94
363
868
1236
678
1466
501
1109
9796
13745
1253
4014
2358
630P
1092
1366P
7158
13878
861
2897
6433
1483
2857
474
262P
1384
4426
70
185
1010
2240
5P
356
294
863
2359
6644
145P
303
999
3388
1027
1930
925
1040P
2564
6184
251P
493
1909
4757
1141
1613
534
1105
13371
906
3180
6505
1875
3482
848
1279P
5137
13106
707
2362
5795
1244
2476
418P
2411
2512
100P
473
1081
1793
5214
1381
529P
1243
2377
134
215
901
631
2424
602
102
219
2045
4216
315
3829
774
2364
414
948
1121
5115
43
16P
280.1
10P
497
19
50
858
20
233
62
17
128
22
109
2P
107
120
519
32
75
245
11
37
124
176
297
795
16
39
12
9
4P
566
1957
87
325
1219
118
454
104
460
1018
4276
76P
204
706
1840
598
250
1100
97
438
8
23
89
95
469
36
79
328
437
243
1035
48
40
252
1337
147
615
498
2875
56P
85
780
2008
57
506
856
1940
4811
87P
267.1
1346
1185
3266
679
1692
415
670P
3937
7440
578
1727
2093
4914
1407
2450
361
699
6355
11685
204P
5305
1181
1129
640
1816
599
41
436
123
517
1868
5133
1196
3150
1565
381
231P
3417
9620
1290.1
4633
775
2040
409
349P
7259
12993
2916
1677
3373
765P
2418
5752
345
1328
3360
29P
621
1387
383
3586
7932
1658
3988
937
1949
548
5247
9222
2683
6080
966
2909
608
671P
7085
14284
927
3625
6990
2207
3458
1054
8258
14499
1091
3977
1683
301P
1184
976P
6601
16403
2129
3362
4085
6054
2098
1745
1211
4511
9424
2620
4124
1510
1828
595
516P
12500
826
3121
5532
1913
2085
938
956P
2309
4434
182P
301
960
1151
2730
591
893
373
3430
5816
206P
418
1911
4324
1422
463
1029
7244
14393
1017
3274
6947
1757
3025
3593
7926
75P
413
1197
3679
59P
626
239
4226
9678
244P
538
1989
4514
1831
265
1191
520
6
72
81
278
33
221
287
1389
140
516
77
186
92
229
2959
7613
43P
1895
3404
1175
2384
867
884
781
2559
88
283
406
1411
141
1367
4249
14P
543
1846
476
728
202
1156
560
1878
11P
67
211
212
968
31
60P
510
51
582
936
2847
115
420
1269
38P
153
889
688
7112
13405
1020
3816
2208
3647
2726
7547
300
3880
976
3682
9448
1385
5175
1369
2220
1363
5694
763
2466
764
1444
535
3640
8810
1980
4309
390
2179
4559
9873
2588
5402
1797
2461
1019
475
2562
649
402
1248
364
1623
351
1518
4932
162
754
787
2819
51P
114
1270
149
2195
6129
137P
246
946
3559
318
1339
259
997
3844
8199
494
2083
4802
1172
2184
586
1133
5277
10791
2360
5751
1595
2697
876
446P
5516
12029
632
2375
6429
1206
2834
748
535P
6654
13496
892
3034
7331
2033
2931
903
7589
13703
3468
2246
3434
910
5568
12099
639
2419
5984
1402
3416
401P
6495
8358
727
2618
7005
1942
2395
814
799P
3656
11292
841
3106
6389
1104
3363
819
277
3720
11356
2452
5495
1805
981
943P
478
1453
93
148
167
142
3411
8351
509
1897
2491
1227
1996
624
3729
7102
1776
3143
54P
890
1659
282
1026
335
28
55
241
47
225
808
2100
116
171
1163
17P
366
240
607
1372
7674
1697
3022
1602
1945
778
1404
3379
1544
1912
1435
2126
5424
10927
2619
5477
1714
2520
743
661
307
1656
389
238
1955
5896
41P
281
2415
44P
1441
290
885
8626
14771
2156
4084
2390
3670
1162
1260P
2209
4628
230
1144
949
2760
1070
316
904
3235
7679
1343
4846
1205
2003
441
1076
5644
12418
179P
1629
2071
5994
1392
2446
523
690P
1854
6437
131
1049
20P
227
1608
398
4785
7233
2789
5762
1607
2874
939
801P
2064
4421
148P
288
3414
715
1431
439
1160
5012
12165
2643
6300
2305
3322
1142
1025P
3155
6615
401
1436
1335
3565
63P
405
479
18
232
125
207
5298
8510
782
1408
6749
2036
3076
729
1101P
1681
4936
86
1277
2159
634
1199
1365
1267
74
393
3475
7847
1541
1842
4683
1086
1481
832
422P
446
1801
333
66P
218
985
165
609
1254
3390
898
620
2673
28P
312
1004
139
1120
1062
7185
484
2478
6555
3329
695
924P
1971
4805
588
332
900
2558
7882
1322
3589
4118
6622
663.1
1111
1845
3067
1472
1497
1103
793P
4487
9127
952
2055
3391
6070
2158
2731
79P
954P
4562
289
1099
2007
481
1107
5710
111
920
869
1790
36P
650
944
491
90
45
156
113
182
619
226
160
2080
2247
1848
587
3516
2325
425
379P
1430
3181
2348
397
2224
500
220P
741
2721
145
496
370
1709
419
127
737
3407
6166
443
1560
3897
1131
1511
1192
4463
11311
253P
1843
3895
1052
2704
759
2549
7426
2320
5463
1283
4744
11226
719
2815
5669
1644
2273
758
6234
10104
193P
757
2293
6292
1509
2846
369
1069
2304
103
1624
286
1032
1564
4798
264
1350
3597
72P
984
1931
338
5127
12409
3200
7529
1947
2626
1064
3259
8986
77P
1617
5458
909
2002
447
6793
11371
212P
3109
6367
1750
2949
891
783P
8087
14770
934
2937
6202
1310
2890
4641
547
1844
46P
377
956
353
798
3509
9128
68P
1262
4796
2183
550
5693
13557
654
1856
6421
1419
2547
594
613P
9402
15663
1118
3798
3254
1072
1551
4508
270
638
2806
1985
9673
12795
2131
3878
6538
2243
2912
814P
6022
8734
648
1780
2771
5688
1716
2785
772
721P
3224
6513
222P
1186
1520
3960
696
1378
633
1183
8452
15561
961
3750
7240
2366
3429
7965
112
427
1311
18P
3032
78P
382
1334
189
13
109.1
135
533
5
197
3503
110
601
612
1769
305
508
180
652
852
1903
38
284
368
7298
450
1638
5224
1234
2306
703
510P
7715
14366
930
3303
7505
1791
3232
5207
12613
784
2688
6081
1332
3133
1125
4561
91
610
3301
512
1519
269
926
4353
10207
545
1640
2162
5420
1504
2392
818
114P
5110
13122
3375
7465
1661
3366
917
6153
10090
732
3338
5134
1894
3198
1068
1102P
3380
8230
467
1914
5530
1194
2801
673
837P
9772
17730
4399
2462
637P
7862
17053
1214
4422
2503
642P
82P
5624
11900
746
2748
5337
1523
773
270P
6807
13182
196P
767
2457
5653
1130
2522
1619
2877
199
525
417
166
644
119
796
3189
8094
503
1313
1655
4409
846
1668
2755
6497
421
1073
1011
2615
750
1235
6467
12816
2939
5930
1853
931
870P
7984
14542
1123
3774
1966
3179
825P
6924
329
1021
3532
786
2340
868P
4719
10720
176P
605
1654
1861
5617
2629
487
316P
5304
17563
1119
6385
2253
395P
959
930P
6890
15100
950
1847
2675
7397
1815
3421
777P
8540
18701
1043
2124
3447
1953
342P
947
1217P
6060
11000
2216
6194
1317
3273
416P
6758
13639
799
3138
6696
1814
2426
7222
14897
932
2915
7021
1597
2954
1170
1082
53
138
645
2501
9P
878
3499
5860
74P
411
1329
1429
4449
941
2086
580
309P
2027
4621
249
851
3986
488
4724
12355
603
2332
6824
2575
618
904P
6693
14318
765
2808
7251
1726
2775
531
8639
15776
986
3823
3132
996
11197
19632
2396
5319
2655
1041P
1135P
8761
13408
1122
3748
6614
2221
366P
1210
1258P
8555
14730
1046
2349
4185
7433
2225
472P
40P
7803
14252
1883
3715
7441
2222
3590
1057P
7590
16985
2378
4123
2438
1195
4048
8168
1575
2023
4679
2287
712
207P
4928
10812
102P
1545
1691
5473
1061
1958
296
5935
12447
2370
6307
1237
3396
416
1915
244
15
78
557
502
824
2777
499
1359
32P
256
1426
151
1835
5450
195
783
2701
1432
676
3004
6744
24P
275
1303
4498
843
444
1794
4605
821
718
2284
201
642
4450
11671
734
2460
6019
3776
1079
1060P
7719
14907
4114
2205
7584
14491
3683
6958
2128
1088
1362P
991
700
456
2017
350
1388
367
2786
9368
1272
1213
4394
630
1939
304P
4251
11001
429
1625
5052
1038
2703
483
6026
12540
1779
2513
6401
1693
2641
970
845P
15619
943
1943
3325
2046
3542
1064P
7262
14116
2134
6584
1657
2940
933
241P
9746
16576
1145
3903
2307
580P
7848
14441
1098
2167
3525
6969
2223
3218
1114
1183P
8782
14647
1149
4158
2557
1117
6281
11887
3247
1849
3207
838P
4075
8448
1473
1952
4881
1232
1258
537
1128
4595
10669
1761
1537
5819
1652
2231
813
326P
4794
10384
1992
3922
1932
266
1462
200
137
659
298
492
3161
246P
1857
46
844
228
1345
4408
693
2500
1132
242
1001
8037
532
1747
4752
1437
2733
800
727P
1888
404
1174
39P
627
157
801
2028
6778
4299
1859
352
3046
6500
1379
3517
755
1990
540
497P
5798
8796
840
2782
1735
690
6902
13749
975
2233
6269
1461
2858
766
962P
2495
6283
339
1294
2130
485
1951
423
285P
5291
9951
680
2470
5370
1224
2505
3487
6925
1904
5067
1012
7093
14015
831
1948
2990
6262
2935
714P
4690
14926
6312
1707
2646
606
387P
5263
379
797
1333
2758
982
1934
280
1022
5389
7890
731
1465
4009
2324
704
722P
6417
14096
2645
5760
2889
821P
8775
14551
1041
1869
3327
5737
2029
2737
825
8473
12580
1023
1808
3210
4069
1704
2539
2741
4586
321
713
1858
672
1138
376
3574
8525
257P
1759
4098
1308
1639
505
5918
12387
776
1831.1
2432
4611
1249
2198
1095
9767
16208
3832
2056
996P
9216
16886
1927
2888
617
590P
3000
7236
111P
614
1922
4087
1228
2308
5814
11960
829
3249
5643
1552
2816
629
686P
10834
16697
1171
2467
4047
2428
210P
1147
1269P
7790
15975
3626
7278
3300
720
2796
6076
1394
2244
141P
5010
8697
2301
5253
1512
1766
722
555P
11433
1005
2706
6255
2980
836P
7450
1387P
3768
5176
7363
8767
7119
14031
6404
3353
2509
1682
850
1084
9353
7683
17789
3914
4093
7469
972
1057
865
9534
10934
2736
4445
3481
8380
5553
7461
3310
355
9355
8332
4262
2440
3726
8562
1760
4522
1972
2383
15588
563
10255
812
779
9150
4257
10158
733
3477
7211
1065
2749
7054
15576
15617
9071
539.1
6867
647P
5368
2070
7985
13707
928
8739
880
1167
542
1997
472
2238
3703
1470
5857
521
8468
1950
2429
6707
905
2289
1795
13228
10439
12585
3395
2075
10190
12207
820
1110
375
958
5932
9712
1136
3775
452
8088
5093
596
2278
3744
10645
6609
802
209
464
7056
8405
14878
993
6426
14098
7446
470
5273
9285
16619
2465
7895
14362
2018
572
235
161
7836
16030
4140
2532
3847
806
969
7953
951
9835
1247
1229P
564
4948
584.1
2014
536
7733
7266
9491
6077
15187
10002
11194
1274
3645
526
5735
14808
6416
9374
3352
9807
17190
1193
10472
656
7126
5500
334
583
6179
7328
15293
7337
14749
8386
10435
17319
1291
3946
236
4572
3392
1401P
2934
213
407
577
1956
13757
979
749
2454
2081
319
6442
12755
2405
2164
3797
11233
2272
14257
8204
828
8114
4315
701
6239
3344
3651
7533
1202
7383
13823
4155
4268
3962
9731
9218
4941
5423
344
5792
8482
7429
3901
3435
593
183
561
1499
6034
1824
9177
1327
4234
592
2385
770
1650
2152
1458
7451
6431
3385
23P
3514
143
558
7149
13695
1268
3432
461
58
44
1676
6729
384
8266
14426
7197
1978
10045
14085
785
2886
10330
16673
1290
10527
4103
422
1271
4083
89P
3433
8179
16141
5519
5145
6962
11131
1443
4684
10064
17514
1403
4495
6763
13623
6930
888
1014
9884
1427
3731
4974
12021
579P
18642
1265
2425
8762
20488
2611
3594
6592
6907
15051
2996
3643
978
685
2430
1358
6992
2848
10682
16774
1245
2210
10560
4006
1313P
8583
1417
2468
8335
1124
7530
1389P
2665
10838
2054
253
3080
342
164
753
4349
8671
1413P
3177
372
4322
11009
8660
998
3745
1169
8263
10376
18668
9308
1215
10047
1386
12132
1263
11938
739
10577
1694
163
2102
4016
7072
11357
8701
3372
144
5985
853
9096
1455
7625
15580
9152
15368
3409
3659
434
7304
2043
9406
10489
1279
3999
2274
10689
1301
8676
1974
738
7319
1000
2154
11406
20039
1400
2945
4429
8564
16086
1047
3695
1050
6790
6836
13184
1297
2410
3057
5075
2229
9317
15881
242P
1549
7347
2981
16636
1630
3917
7536
1501
10107
17221
1833
4230
7835
2074
1319
2906
1451
2145
5028
882
2759
9092
1672
2173
1383
507
1500
131P
2339
5270
37P
1083
1936
768
4809
10041
895
2242
4479
2312
6118
14431
2894
6952
3083
16247
3029
3243
6746
15955
7286
1680
3226
822
8486
13961
1651
3624
4043
7617
2067
2635
9487
15718
1860
3933
3276
2474
492P
3603
68
1577
1484
158
554
198
1744
159
3194
129
327
1380
13P
385
222
2541
8758
1164
1605
2265
5146
2677
874
859P
1498
5254
1612
667
2186
93P
3700
486
1090
2898
392
955
657
574
52
108
251
1101
223
544
1566
4789
80P
1762
4554
551
1783
1361
2722
208
1924
3830
8371
887
2389
5883
957
267P
923P
291
1067
226P
907
1513
4405
285
1434
684
3688
8220
178P
2988
4460
1424
367P
6491
482
2206
1371
3401
855
1341
17187
4055
3993
2674
507P
7269
15314
1410
3125
1442
2987
570
454P
225P
613
1938
216
2854
5978
1048
1360
4250
860
1198
3936
7494
192P
1553
1421
4745
1108
1933
4795
11911
3319
3278
2794
266P
5567
10987
988
2958
2676
2453
730
531P
6652
154P
164P
2441
1112
1667
967
3302
64
1226
2989
2196
5862
52P
1627
1516
3862
977
1811
5546
584
2494
24
348
106
311
990
341
1543
2427
169
1045
2642
360
1113
3203
273
2091
3807
435
3002
8511
3470
4385
2397
643P
585
714
330
272
790
3543
153P
365
5408
122P
1720
4074
854
2005
4329
8090
2582
1409
2700
628
894P
5638
12274
228P
2713
3613
274
184
455
255
2237
324
1040
589
391
10778
1737
5682
2455
53P
7323
14163
1395
7076
3026
90P
748P
2477
7653
2084
1646
4364
86P
894
1669
6397
4821
1798
791
5592
12440
2535
3111
4613
1296
2239
370P
7291
12891
3090
7147
450P
753P
8236
16428
1256
3646
4293
6084
3408
1124P
10896
12822
2147
4580
6530
2711
1111P
4028
7967
1920
6577
1916
2388
217P
6572
10650
1485
6465
1967
2636
451P
800P
2481
6351
139P
1562
736
424
942
3671
4725
1785
600
6525
14040
1890
3967
7708
2258
209P
527P
1201P
3286
9369
742
2351
1576
4382
85P
744
5529
10932
1077
2525
5164
1154
2136
304
1204
723
489
3564
7877
112P
3119
4755
1338
2573
2099
105
194
1449
388
1546
3877
2504
292
1569
263
1179
117
3103
504
2088
49
231
7015
12959
4063
4113
8516
2256
380P
1207P
2654
7698
1336
1494
3546
2213
751
3406
9609
2192
5378
2600
3942
186P
1180
1024
3378
674
3873
10640
3100
5445
2693
489P
5107
11245
1146
2707
5961
2924
190P
897
208P
217
34P
980
5280
229P
1352
170
8074
124P
1233
3865
3742
9555
4883
2266
5558
12393
6322
1767
2661
180P
5665
12794
3551
2860
6282
1891
15333
3562
7626
2042
3369
187P
8538
14864
7762
3316
515P
5457
10519
3610
2696
6079
852P
7180
13411
1506
3614
7129
413P
9789
2443
2893
887P
5190
9473
2876
5431
252P
279
174
248
4398
7869
133
5251
2089
3846
8276
2264
4544
5589
9770
97P
2103
4218
963
179
267
1013
3005
214
1626
210
299
2170
4716
515
2050
5174
1241
2420
2111
2881
1155
1841
902
5867
11437
2632
929
247
2868
7805
669
708
2201
5802
1216
3148
1700
8580
12116
2010
3839
7727
523P
856P
6503
11263
3652
7178
3248
8119
15911
3459
7150
2035
2639
4359
117P
803
1353
8591
161P
1460
5228
1225
395
332P
7818
16662
4248
7907
371P
5523
12673
3440
7035
1698
675
644P
2363
2714
3684
1578
4321
3234
2856
2553
333P
1032P
5805
26P
849
11020
3452
7936
2261
3130
1085P
8881
1836
1701
4060
1447
260
6722
14416
1633
3498
7364
2073
330P
1173P
4849
1889
4915
559
978P
1568
27P
154
3921
10056
3094
1959
1304
2090
744P
331
1377
4869
249P
323
3071
10794
2546
1879
6261
254
2490
877P
5512
1173
2401
449
857
2729
5600
3448
3521
3896
1664
3572
2728
4330
1628
2297
708P
5126
3320
1962
4054
3618
5324
2896
324P
940P
2076
4823
7923
1586
1542
96
100
193
5888
740
1075
299P
1166
623
3539
935
428
12P
430
8188
197P
914
2739
3649
5124
10559
2793
4872
1266
2482
98P
482P
1772
9778
1222
2135
2115
5281
12895
1085
2764
6735
1606
2613
594P
7059
13664
1364
3214
7028
2442
465
2805
69
530
1159
188
5359
91P
518
1261
2214
408
6813
13966
1567
3183
3805
7329
525P
899P
9381
84P
2587
3916
2684
405P
8082
14346
1354
7474
2059
3045
71P
763P
8633
15507
3092
2510
6482
1778
2927
616
108P
1877
4066
647
862
3073
135P
1582
2335
460P
6796
14017
1207
2610
6280
1634
3003
815
493P
17405
1723
3627
4120
7820
3236
1457
1773
2761
501P
5299
14950
2259
3749
4858
6549
2836
2767
583P
5630
10340
2572
2862
6096
911
2914
8068
1874
4260
886
539
8657
14489
1935
4213
4391
4741
2342
3357
505P
9675
125P
2063
4243
1645
1240
2581
2281
724
2219
1732
2245
872
778P
7821
16181
1719
3793
4099
7346
3399
1065P
6126
11813
1622
3253
7556
2807
940
6192
466
836
3579
83P
432
562
10467
1157
2506
2456
5252
1503
2319
923
365P
3727
13868
2449
7872
1009
3275
568P
6191
12205
2326
7000
2698
223P
1076P
3588
8945
2827
2069
5428
2303
769
667P
10981
17270
2092
4844
8724
577P
645P
10533
17239
4727
8423
2763
6812
12783
2975
6923
2617
578P
6832
14467
254P
3284
6588
845
3019
69P
10487
1438
269P
3055
6628
3262
5635
11203
1259
3251
6831
1984
9617
16419
1898
3612
3345
7856
2369
255P
1079P
3061
5881
3786
1044
5535
11530
6032
653
175P
8491
16060
1489
3735
8077
3264
248P
1140P
6819
17760
1530
3837
7235
3337
586P
17109
1712
3858
4305
8254
415P
325P
1088P
6408
3095
6299
2932
916
6697
7111
1976
2824
14888
1478
3170
7306
1621
2686
973
1218
2718
2830
190
549
6657
1373
1563
4311
522
424P
4352
3601
462P
5506
11083
6273
2670
491P
8731
16355
1374
4190
7704
3101
312P
829P
15837
17023
2787
5711
8406
557P
720P
1094P
8944
15765
7507
2625
3394
615P
8155
16354
4505
8058
189P
474P
8286
15274
3722
3833
7852
2105
2956
199P
928P
10913
18136
1937
4451
8547
509P
143P
3666
8201
158P
6121
399P
4753
12748
2605
2412
5929
6733
14753
3017
3056
7239
2638
660
2202
1532
881
4493
1063
2865
19P
2994
3907
4160
883
681
2623
65P
314
5674
12983
144P
3229
6327
2976
129P
7422
17691
1977
4417
8228
290P
94P
7600
15595
1547
3930
3658
2232
2947
467P
3260
2072
495
9192
163P
1502
5413
839
1999
358P
12154
6297
1321
391P
6856
12518
1281
3255
6286
1670
921
569P
8416
14563
3636
7969
2277
3112
215P
8027
17791
3208
3359
7387
2120
224P
911P
9815
19163
4471
8458
575P
442P
1081P
8603
13977
3886
3299
7828
2463
357P
471P
950P
10886
17350
2051
4634
8203
3268
640P
5986
12153
1318
3230
7174
2079
283P
818P
3879
9633
4930
237P
11569
1150
2596
2347
6939
2666
377P
5639
11472
2552
357
651
1275
337
817
1673
3973
3617
9775
165P
2668
2227
6063
2828
579
1555
178
7439
4615
187
866
2826
8560
1685
3724
908
560P
3764
9612
834
1488
2061
5159
1078
12726
6141
1615
746P
8175
15064
3713
6785
1873
3098
6570
3584
471
221P
10986
2568
2784
6125
1601
681P
4222
7351
677
2345
4549
671
5695
13686
1459
2941
3493
7594
695P
10003
3131
3813
6405
2118
2488
697P
2922
1250
1721
30P
788
4792
11295
1722
2311
5293
2667
7840
14213
6892
3037
388P
9270
16926
1609
2790
3673
6583
2393
3105
741P
6156
11940
1589
2955
3809
6957
716
528P
1817
113P
133P
8167
1572
1804
4597
2321
658
616P
6578
13647
116P
2783
543P
8524
16804
4480
7993
2873
166P
1013P
10027
18019
1789
4362
7734
740P
3110
6108
2066
1715
4758
1631
641
498P
7398
10572
157P
2878
6172
2770
576P
9975
18779
3906
4673
8431
3381
386P
1148P
8615
15357
1642
3456
3048
7571
3293
819P
581
1340
3197
1926
171P
11655
5469
2469
345P
7592
15204
2381
7031
1998
3182
128P
7182
13212
4157
1899
8216
1876
4363
31P
1469
1008
4985
2322
382P
6658
974
3035
16601
1758
4237
10132
17889
520P
5461
1468
18050
4188
5036
8864
2814
736P
660P
4203
9241
236P
5347
12499
2310
452P
849P
70P
1423
4622
1729
9428
13110
2142
5011
326
1557
3240
944P
4149
1964
12740
1893
1821
9450
16849
1781
14378
2511
4021
4894
11844
3668
1375
4162
835
875
340
4365
8566
1253P
1886
964
57P
665
2459
4901
3128
1918
8222
8561
4181
8728
1590
1705
7673
1152P
4201
5738
12064
1740
1051
6190
15396
3912
4625
11827
1490
3890
7855
8275
2556
3054
6738
666
3736
8020
177
2298
4954
378
2234
2840
3956
2472
1212P
3439
3596
62P
3785
1867
1448
1807
6906
2001
1428
7123
3892
14916
1688
617P
1033P
692
8430
16246
3767
7947
8855
16605
3630
3052
4912
2406
599P
6900
14377
1288
6762
17709
4224
8051
2516
4884
2502
572P
4820
1326
7860
2269
1326P
6558
107P
4955
14260
8132
654P
6263
1495
1174P
11883
2211
4458
4993
9043
2833
841P
750P
18987
2082
4900
8730
760P
791P
6949
13136
1286
3272
7198
1763
7407
14791
1415
6782
4494
10535
513
5909
1420
7002
3281
8875
390P
1244P
6789
5670
12819
6721
2762
9438
1787
1170P
8136
1534
8240
1881
4052
4538
8839
1330
7712
1479
3623
1981
118P
3642
47P
1584
6396
1514
723P
8921
1796
8325
2416
18026
5856
8429
830P
1143P
9674
2185
756P
4520
2852
665P
8096
464P
1225P
4737
822P
693P
4793
5750
6138
3241
4698
354
2681
2150
4571
8683
2798
650P
17173
4287
2343
657P
381P
2315
1347
6881
13132
7122
1072P
16598
8048
17881
1684
8067
3376
1039P
19587
4670
9069
776P
633P
1632
4294
2550
420P
600P
11013
8958
715P
6562
12586
3755
3740
7447
2132
9800
5612
5655
1028
5999
2942
2106
10012
2249
2957
126
555
789
809
4867
3953
11305
5893
2792
847
15873
7728
840P
9781
5759
14434
3604
3152
867P
3453
3968
5714
764P
8075
3051
3884
194P
804P
2181
2270
7148
1792
4557
8206
174P
18027
3577
7924
12505
19393
2011
4233
4856
8885
508P
1306P
15829
8081
1331
2570
6171
1866
15578
1588
4462
8923
5845
1784
8771
5758
6706
6136
5199
683P
1177P
6571
8451
7281
258P
2212
761P
1343P
6326
2882
885P
794P
7402
1392P
6893
574P
8912
2822
16321
5871
1388P
876P
734P
5069
9010
1153P
19780
7946
3513
8915
10004
2251
549P
2628
3887
7621
675P
737P
8760
8290
11897
1014P
808P
9573
5973
972P
5722
4286
2537
5023
8770
8159
9478
6864
7462
13903
1190
15587
5447
13982
2140
16514
12852
16666
2094
4518
1733
239P
4301
7435
10589
12985
2859
9207
3156
7247
663P
684P
2391
2891
4469
1077P
847P
607P
1240P
10824
1416
16679
5608
103P
759P
4749
3256
19844
4742
18148
11623
2752
571
8245
3915
4437
3592
8301
2218
7487
10013
2844
8816
13312
1579
1663
11424
2038
11501
11146
4545
5250
1482
4111
8150
3233
5957
5684
1487
8303
3160
8422
8849
16173
3547
9340
4253
12880
19583
2708
11017
9031
963P
678P
8383
15928
1550
725
6420
8049
2355
15183
2727
5667
2382
798P
4470
1058
5120
5701
4269
11266
7814
7039
13308
2286
9905
2197
2116
12219
3717
4015
7134
8630
1187
8474
4677
1679
2734
5654
4193
12433
1529
6040
14278
7934
2254
8040
15280
2346
1492
4904
3457
5938
1556
10517
18127
8922
6829
17689
3445
10767
4654
6342
12861
805P
3677
810
7991
4864
10100
1006
4778
4389
8605
10015
1066
2048
5333
3502
15021
9567
17420
9625
17046
1901
11454
1896
1307
1730
12398
18401
1255P
2919
6249
3074
8442
4591
8073
2498
1396P
6667
12103
14287
7165
2060
10282
5271
1446P
866P
19741
5230
3021
892P
8277
13821
3389
8269
4542
5016
11108
721
3141
6896
7603
7060
2175
11047
6003
1042
10633
19210
8841
17939
1653
20958
1123P
7192
16472
8624
1493
15949
1527
3436
4850
5732
10008
2483
17325
2971
6028
11180
18096
9294
2995
16735
2538
1393P
13098
19389
2189
5437
1360P
879P
5098
989
6477
13005
14936
3246
7449
2473
6075
3166
3296
7974
6073
10085
17813
9174
767P
9972
17189
2433
3995
6160
2521
6950
13637
3290
3077
9763
4119
2471
9757
3939
21010
969P
10668
17161
4696
8379
2709
893P
20266
9136
881P
12948
3136
317P
5990
1140
6095
1134
2678
3888
10175
8819
4300
12813
1300
6229
8966
7957
2203
637
6794
3014
8594
14621
11800
4223
5005
16043
11170
4180
8169
2514
7933
4261
433
7686
1921
4704
9138
227P
19888
4535
9356
6337
12356
20683
2299
5194
9444
17359
8479
4497
6713
7620
15973
1599
3568
8471
16750
3536
3044
1754
3093
10473
18954
687P
11065
19513
3685
2235
1075P
11345
19556
1812
4133
2275
1247P
918
3221
257
5150
5104
12517
2113
833
4438
8253
1648
4548
2918
6811
3079
762
6295
11522
1002
2593
5627
2821
659P
7809
15815
1528
3163
7717
1799
915
875P
8681
18052
1315
8149
2047
468P
7941
17604
3129
8005
2000
614P
7605
15005
2977
4110
8033
2338
968P
11359
20283
4773
337P
1618
3996
3699
2719
4173
10843
2248
5070
1126P
5341
359
48P
2832
1592
5505
2255
5160
2200
1357
1570
3490
8329
2137
1414
417P
1476
123P
3777
138P
5733
2330
183P
4882
569
3940
8661
19770
3974
4397
8967
286P
8862
17382
3607
7810
1742
265P
1975
4833
293
1475
8481
3412
3969
9619
2295
5686
1055
2280
575
6861
16216
8165
1900
2907
300P
2920
2612
7904
1770
3007
356P
8350
5455
3555
2969
2271
6189
2631
453P
6382
394
442
1637
1968
552
5846
1738
698P
80
1324
2590
2031
4509
1477
752
3209
8126
5575
2451
303P
121
1031
2437
5306
2004
4484
2191
4012
9333
1405
6566
14945
2950
6711
1007
5613
2685
1643
4302
10369
709
2926
4472
2580
8079
15276
3710
7342
2049
3190
8988
3927
3857
9583
5042
1902
6411
14250
2725
6883
466P
699P
7769
15784
3314
3762
5525
7512
18017
3761
3655
7558
2779
979P
1186P
8557
17924
4631
5153
2077
7949
2682
6506
1662
2567
3783
11410
3466
7774
916P
7037
1396
4199
10136
2399
6119
6928
16970
3759
7367
2530
1185P
10510
58P
4532
5804
12293
6208
2294
6291
2057
5489
3176
1203P
3702
1561
426
4829
458
268
16252
3918
8449
277P
1206P
2263
7022
2849
4374
711
3211
152P
3957
9564
2180
6814
853P
5149
169P
3954
9530
2842
5421
5604
13222
2624
7097
1882
788P
260P
136P
1810
6064
1526
3615
9309
1278
4192
10502
2176
1368
13133
1220
2901
7030
3162
6308
13143
2804
7464
3113
7415
17598
3634
8004
2022
1327P
9015
18433
3840
8054
1355P
5663
12956
3069
7136
1979
1089P
7503
14964
1571
3288
3691
3023
3573
12311
1314
2447
7071
331P
658P
5980
10474
6556
2169
4358
9354
4145
10249
2193
2300
307P
5768
11007
2585
4306
945
1089
2795
2122
374
191
919
3743
611
1581
5606
2161
5808
2531
2155
6027
6092
11348
2968
219P
5537
11315
1208
2984
6458
8147
1731
1015
1689
2534
6941
132
451
10611
13733
1819
8876
815P
400P
8445
14987
1399
3554
7553
2178
3116
953
9416
3501
2041
2802
524
503P
1525
5128
1080
3712
9008
2464
1775
4412
1306
10396
20366
4489
7988
5977
15285
1030
2982
5949
2970
603P
7555
3981
4610
8769
2662
7379
105P
864P
5596
6264
14627
3510
3582
7939
2065
1137P
9665
5099
13396
3535
872P
275P
1116P
4819
1188
3734
713P
4271
9836
6007
385P
396
4738
3771
771
7271
2979
4560
2577
1756
6216
308
2921
8218
1969
2853
2555
4502
1809
7636
11687
3538
5754
5373
95P
1887
871
3515
8145
3455
42P
237
380
6344
760
2296
2044
1825
3595
1995
4923
2394
336P
11616
2402
5549
1480
2745
970P
358
7208
1309
4348
276P
6414
13431
3292
6847
15016
1298
3047
7068
1230
2172
6230
4991
6921
14494
4254
935P
350P
2524
5975
1439
2563
2644
5822
1342
1106
3631
1755
17402
609P
19093
1355
3504
6880
21P
3324
411P
5006
10321
167P
7506
17250
3718
8401
786P
259P
9005
1418
4836
2268
6835
3215
2756
6701
2960
729P
10050
20345
3781
4636
2515
824P
10314
17602
2062
4880
1922P
565P
5995
11412
3070
3168
5119
1786
172P
3472
8302
1993
200P
3874
7998
1045P
4215
10144
162P
4663
4529
10324
2825
5972
2367
245P
1172P
2125
317
8893
1826
5988
2774
804
718P
7519
14462
1393
3425
8299
3277
985P
7481
16024
3202
3714
7927
1397P
1226P
3317
2651
5533
1587
1788
5745
12295
1115
6439
7623
3760
1852
7616
1941
305P
4200
11637
2780
5880
2616
913
12412
21265
4067
8993
1757P
567P
10820
19520
1970
4946
8927
1700P
7476
14066
2838
7232
3009
378P
6933
16720
1641
3674
10161
4068
2078
1734
5353
15633
7751
10351
17505
1752
3913
2194
440P
1000P
2837
6848
1239
4252
338P
5756
13697
6626
1440
3142
563P
8936
16945
1620
8110
444P
121P
1068P
7740
19355
3757
1802
828P
21712
4017
4070
1015P
7321
15491
7014
929P
14997
1264
3082
7055
2978
8311
16240
1366
3426
6895
1538
646
1037
1713
3365
1686
4626
406P
5181
1003
12401
2640
2732
9101
17178
1710
8522
1133P
16533
27603
2540
6072
2339P
927P
7755
17783
3891
8385
2627
1600P
322P
7817
15915
3950
8252
1288P
534P
8999
16204
1452
3975
716P
919P
19992
2679
1568P
591P
5218
10619
2350
6110
2523
691P
6324
13299
2597
5747
1382
3049
8008
16900
3754
7390
3263
1362
2499
6852
3397
1690
1517
6492
13723
1223
3140
7833
7403
19364
4229
8720
2529
1749P
8520
18869
4499
8336
428P
25P
10801
5121
362P
5729
11661
2966
2422
14204
3175
7203
506P
1055P
6808
18014
1718
3526
8298
2328
292P
17989
5322
2215
848P
839P
10613
18457
4667
9024
1679P
934P
8977
18059
1252P
10644
20382
4958
8963
2744
1860P
541P
14815
3001
3311
6872
939P
10898
2230
4270
1200
5418
10763
2607
3169
797P
5797
12151
2487
5850
2601
387
343
1231
1771
1135
1189
3528
1800
4980
2997
10571
2983
3040
731P
636
8577
2015
4576
3151
8375
4144
4906
8884
4527
2157
6133
2653
2791
5927
1725
184P
8637
3872
8062
2925
11157
2650
6375
811
2944
487P
4104
9768
4616
8025
17198
3496
7914
709P
733P
11805
17031
4022
4131
8291
3716
7797
962
514
761
6833
12910
2594
4945
15441
3784
3306
2177
341P
9265
17334
3587
8134
409P
11059
19425
3752
6787
1033
9959
110P
2313
4378
1299
14636
3489
2903
6384
3031
11491
19001
3935
9027
937P
11504
20205
4366
8806
664P
7279
3465
983
6960
14883
3419
6427
739P
12421
21350
2013
4546
1539P
1021P
9201
18468
3860
8395
1892
743P
3533
5286
12521
5826
2290
445P
9109
16278
7730
1063P
486P
8612
18008
4010
8187
3008
16998
19197
12372
12034
20896
4556
7307
73P
6718
8533
8990
19205
3602
8172
18104
2096
9843
12182
20678
2560
5037
4396
6598
20000
8970
18806
1539
3063
4838
344P
2119
1830
6041
6559
2963
4558
3321
9590
14810
3172
7610
313P
9586
3550
4751
12480
7901
8530
682P
3990
9938
7019
4317
2527
13275
2967
6361
7489
1741
7720
18533
9258
4221
7396
268P
4898
6977
7153
8795
688P
1610
10618
4604
8835
2022P
7627
3728
1301P
7752
7624
1160P
1246P
8086
655P
2163
1059
2034
5601
14010
16097
1412
953P
127P
3852
149P
782P
3697
2649
1616
470P
4843
16758
2799
769P
11211
20669
1917
4768
6447
865P
203P
1542P
323P
1905
2928
8390
15485
2445
649P
1259P
1686P
1251P
2250
2913
12877
21476
4206
5205
2574
12587
2943
2160P
15407
16877
3216
4089
16056
7811
11105
19039
447P
1548
8514
1548P
20289
11244
23211
4406
3549
8756
17282
1398
3654
9396
16850
6091
958P
2167P
728P
17792
12072
20452
2879
1990P
6514
2747
3102
9393
19960
8929
2769
2229P
701P
18874
8872
2020P
1928
11071
6009
3400
1097P
9202
19046
1728
3908
1909P
9050
3585
1501P
11728
1939P
8793
2108P
573P
1271P
10786
5154
2929
2265P
587P
15261
6067
6066
2545
5350
6219
9114
17716
8143
738P
11962
8310
2386
9936
3944
1839
4319
20353
1827
4001
8487
11851
19765
12035
22485
3733
2019
3291
13507
22492
2107
2115P
735P
9875
4168
8837
1168
1703
9378
4714
9186
1678
4910
7152
16782
20887
9557
785P
8971
2279P
7672
22575
1345P
8507
9267
15781
12191
6911
9021
3633
6680
195P
837
4240
23306
17472
18077
21022
5129
8284
18153
20134
19700
15176
2414
11814
22622
10032
22203
6103
3753
5401
992
6871
9983
8867
5283
3064
1603
1829
4402
12487
22192
4783
2584
9244
3006
7084
8790
3583
3664
10311
19591
11393
13082
24380
4979
2712
610P
11155
2226
664
8690
3963
22714
4368
10289
18950
1559
8437
5106
10789
15954
1284
7996
295
7691
15296
3195
5829
3050
5296
1232P
9961
14982
3298
7986
8193
16282
18808
3924
4702
1908P
5474
1217
17529
12066
873
6082
14392
7905
17431
4146
10882
3941
6459
15383
8160
3800
9654
2400
7678
4035
8064
6430
3351
4952
5964
6634
7190
12541
5255
9240
19147
1521
3773
4040
10719
1708
4129
2104
4231
12123
22897
4241
4995
2648
1261P
2292
1406P
4045
7889
8558
6830
2139
6986
3932
9531
5807
7139
3323
8139
7511
4339
5236
18285
10518
21436
1736
7807
618P
5834
3756
9022
4064
7606
13155
20753
2579
6781
16557
4219
10532
8953
9019
653P
1861P
6010
3819
4333
14123
24707
5313
2301P
13827
4367
5361
2972
2201P
8480
16541
3239
2037
9510
17934
1445
3285
689
5054
11823
20865
6151
1594
10005
21433
1699
8784
9647
21389
12364
2589
1705P
1454
16421
5464
5933
10365
8779
17493
28872
6116
1512P
12088
9978
2314P
10195
19868
13127
21060
5216
2485P
6761
8707
1242P
6948
3512
8091
10503
20810
10628
2152P
1739
6145
2583
15990
3438
9742
9266
1611
8319
11974
25558
4788
2740
2417P
19268
14115
22594
5364
2444P
7417
6246
13819
12812
8978
5791
10092
4152
6213
12706
8649
1963
4682
4029
7349
21802
18952
4637
20636
10459
5003
18920
21795
1423P
13522
24342
4759
1241P
8744
15465
3520
14562
25281
4308
1398P
9997
22630
8863
6120
10431
1540P
21502
9193
16138
3159
3997
12316
18771
3304
2262
3561
12668
20790
4547
7667
11628
17139
3866
3478
5048
2716
2606
4127
1884
4126
3084
5869
4245
14399
2536
5713
8741
16422
8144
1983
8812
19088
7954
9634
17940
3622
9407
18657
3442
3845
7466
2021
3423
11753
14070
4865
8399
2993
1148
2571
683
10036
6306
1161
4728
1325
63
3238
1102
553
3576
3926
4889
971
1060
3531
410
2992
6625
18277
4692
8874
9974
15540
1973
2811
5239
5774
4602
8217
870
16189
3188
2241
7016
13581
2863
3280
5939
4717
1822
1201
5031
4101
1536
2766
4603
3923
5222
4007
156P
9160
5148
777
3330
662
6668
5297
2146
4097
8455
2166
5866
14765
3065
2565
5539
8682
15777
3127
7274
9562
11128
4943
6368
1724
16279
17979
1806
1292
1471
8632
12632
4962
3970
5830
12620
3167
13568
1450
3405
6999
6608
4130
477
4739
11606
1039
5640
8665
17565
3639
6820
3545
12063
5441
13117
2316
528
17546
8645
4418
4307
9398
1242
1126
3965
4822
12126
1071
2823
5717
12657
5914
67P
3137
9315
4501
11706
2317
987
6557
14464
6490
6476
15600
3018
7042
1743
3015
17128
3599
2517
8909
18055
3598
8617
2174
3505
6723
13783
2750
3157
3185
1390
8043
15162
3637
7746
3313
1515
3422
3328
6725
3444
181
6228
11785
5618
5923
10714
1391
3270
1464
1285
12078
4839
2592
1558
2871
9251
2566
912
6358
13828
3355
6551
6981
12043
7880
1221
3882
2133
5569
8434
15081
3558
4296
8499
3527
7808
15133
2765
3648
7041
3164
12892
21702
5013
9032
10377
18446
7628
3062
830
8443
4488
19464
3506
4492
6434
13002
3104
8679
19194
4897
7414
4797
7344
6441
7043
13613
3336
3796
6024
3265
4341
8858
6266
14605
3836
2403
4964
1056
576
4210
10097
2614
2869
4746
8845
224
1096
7705
5728
7622
3343
3383
3204
4701
2768
8618
2344
3099
827
49P
4279
8813
1834
5877
5882
2910
10266
5991
12243
2735
5508
9199
15577
7248
1961
5902
12838
3929
5085
9182
2497
6149
2781
6130
1287
17808
1573
3173
7249
1907
9457
18464
7614
1491
5172
10371
4711
9839
4062
8131
3605
6970
16438
12305
21301
3556
4453
8017
2387
14934
9537
3870
4541
6716
2751
719P
6480
10909
2689
2904
6943
4555
10030
17376
3087
4433
8677
4863
9725
2283
9886
2408
7680
13021
8517
3374
15311
3377
2127
7485
5595
10263
5572
4916
13807
3508
3012
6953
3153
11401
823
5951
12070
21951
3817
5002
9180
20398
4992
9026
9252
10830
3089
8757
10752
1872
3024
9748
4072
7425
6915
17540
7350
3393
1143
10850
20258
1838
4513
6737
3424
1093
6638
6676
12471
1178
2458
1474
1158
9547
18551
3861
7575
3028
1165
11642
17728
3557
8158
3147
11691
21867
8597
2327
9296
19547
3231
3171
7131
8883
3632
7184
16987
7562
1946
2773
3919
6759
4650
6425
16871
8231
2314
13304
5831
1593
2964
10558
17005
2341
17416
23933
2591
10580
14401
3708
10842
14846
4122
9139
3779
9995
18033
1574
8362
2598
1554
11731
21432
4290
9017
6345
10421
13274
6455
2528
8687
3437
7143
2829
6440
7523
1604
5059
896
12085
7256
10471
20756
2117
9508
19518
8585
3792
302
2657
4375
11430
5472
6734
13852
4565
13719
6927
9302
18095
3511
8544
19411
3335
3850
2143
11769
21543
8961
3867
10581
15156
3863
21119
4920
9097
3885
7309
13534
7360
4812
10072
5987
12386
4944
13280
2542
5122
2168
1695
2637
11444
2551
3088
3402
1855
6750
1094
3333
3989
8053
13758
5974
1152
10273
19678
3591
3806
3443
6874
16411
7812
5398
346
3269
11070
5828
1751
5303
15202
3349
7343
12762
19521
1851
5726
5056
7858
130P
1870
3497
6882
9888
2323
9591
16255
7517
3191
11284
17981
3334
3737
11956
13887
4156
5117
4929
61P
635
8232
14857
1406
6301
2850
10507
19537
3818
8109
1954
3449
1053
11997
21250
4267
8273
1522
6380
6748
12680
1356
5724
13437
22202
9188
2621
9149
17987
4165
8173
9083
18044
4830
8678
12331
21528
8015
35P
12089
5844
9848
1865
8840
2337
13582
22795
4475
9198
256P
4666
9728
2336
4708
7428
16969
7459
4094
12801
1982
4582
12758
4940
13468
20984
4734
6392
4325
7227
3544
9578
19294
9963
8408
9953
13515
21645
4360
4336
5086
12713
9020
10378
3730
6673
3340
6747
7053
8280
18822
3876
21365
7374
18229
3854
7527
18575
8735
5740
3068
6025
3257
4732
15153
3118
7169
16220
7416
9371
8056
7919
14043
1508
7545
2480
6664
2820
2687
6822
7260
13277
8388
4456
2260
9125
3741
11490
20053
1280
19848
5168
8850
16579
1305
1774
3943
2095
4647
7710
13552
7194
9204
3801
6524
14421
8607
10316
55P
10138
18108
7377
2141
11417
20691
3367
5294
1316
16821
1687
12896
21755
4722
8166
15014
1139
18073
5018
11139
5823
8550
15724
5842
8419
22862
13881
22825
1583
10067
8647
19149
3790
12871
4837
8478
7151
11339
18576
4027
11904
3237
12641
22114
2020
8659
3580
3386
9359
10308
1596
3902
5021
3947
2985
10862
7921
99P
17466
24641
6047
15908
4639
9170
11372
12143
21556
2025
5041
2236
5781
20901
10358
19606
2595
12234
2845
8080
8896
12161
22124
4774
2715
4536
8870
3706
1344
319P
12967
9159
7546
5521
2658
6037
2526
12112
6863
8377
2492
19812
4214
5879
8057
8300
5062
9641
16640
11341
18379
12231
19235
12122
4392
8354
12493
21770
2720
3042
14128
22278
5193
9200
2669
9273
18120
8880
22643
4909
8928
3537
12697
2149
8502
6284
14296
23230
4128
10070
13624
21738
1433
2190
2691
5453
7859
4032
7604
17641
25997
9717
13068
1748
22601
8985
2171
13076
13655
5166
12858
2586
14449
13838
4618
16863
7497
5873
10270
6844
1282
6795
4854
13171
5202
445
4059
1782
5708
14008
10422
11554
4186
12245
17458
3020
4512
10146
4703
7696
11994
21557
13094
8019
9203
13928
14571
4987
6646
5136
8389
14779
10490
16897
10951
4107
10269
4096
4661
13731
12757
17662
8818
1376
816
5898
995
6561
8980
9575
5327
7341
9295
17273
19571
2652
6407
2380
9073
18558
12287
5776
15715
10059
12302
13902
5448
6846
8221
205P
6816
4082
8340
13861
23045
5432
11019
19471
11804
3606
7659
11905
5312
5156
10202
7841
16583
4655
9722
5743
9672
4238
10162
8826
1540
6715
11094
18286
7909
10402
11037
8251
17672
3097
13803
22511
2148
3889
4886
9006
15376
1295
2961
10145
8743
6087
7725
4645
6271
14986
23479
5211
15034
3983
3998
1496
9787
10416
4049
9389
4893
7801
1293
11751
3566
12836
22827
375P
9497
7302
19076
18244
4516
8766
173P
17986
27292
2999
6098
10427
19431
14555
3991
7324
14686
9320
7799
3158
5240
6450
21161
2288
2809
4552
1649
6951
14324
2026
10833
1289
10811
20764
12535
22657
2803
19373
2087
352P
14262
21957
3011
10694
6544
6250
1753
5261
6875
1863
9505
8532
15233
19979
4225
19165
8750
12137
10086
17615
13406
22321
5459
10017
1929
18613
4825
13913
20568
12936
21756
13334
22725
2187
13651
15108
22479
4108
3980
19716
14470
2656
14181
23169
11012
14822
23781
5416
5191
10076
18744
4025